2,1
4,1 (ALG)
6,TRIV
8,2
10,2
12,TRIV
14,2
16,ALG
18,TRIV
20,2
22,2
24,TRIV
26,5
28,2
30,TRIV
32,4
34,2
36,TRIV
38,2
40,2
42,TRIV
44,2
46,3
48,TRIV
50,2
52,2
54,TRIV
56,3
58,2
60,TRIV
62,2
64,2 (ALG)
66,TRIV
68,2
70,2
72,TRIV
74,2
76,2
78,TRIV
80,4
82,3
84,TRIV
86,3
88,3
90,TRIV
92,4
94,6
96,TRIV
98,3
100,ALG
102,TRIV
104,6
106,5
108,TRIV
110,3
112,3
114,TRIV
116,3
118,8
120,TRIV
122,3
124,10
126,TRIV
128,3
130,3
132,TRIV
134,4
136,3
138,TRIV
140,4
142,3
144,TRIV
146,7
148,5
150,TRIV
152,3
154,6
156,TRIV
158,3
160,3
162,TRIV
164,4
166,3
168,TRIV
170,65
172,3
174,TRIV
176,181
178,6
180,TRIV
182,3
184,8
186,TRIV
188,3
190,44
192,TRIV
194,4
196,ALG
198,TRIV
200,4
202,4
204,TRIV
206,3
208,3
210,TRIV
212,6
214,48
216,TRIV
218,4
220,3
222,TRIV
224,4
226,3
228,TRIV
230,3
232,4
234,TRIV
236,177
238,3
240,TRIV
242,3
244,4
246,TRIV
248,11
250,3
252,TRIV
254,8
256,ALG
258,TRIV
260,4
262,3
264,TRIV
266,3
268,3
270,TRIV
272,3
274,4
276,TRIV
278,5
280,3
282,TRIV
284,4
286,3
288,TRIV
290,3
292,4
294,TRIV
296,3
298,3
300,TRIV
302,1486
304,4
306,TRIV
308,3
310,3
312,TRIV
314,4
316,5
318,TRIV
320,3
322,5
324,TRIV
326,13
328,3
330,TRIV
332,3
334,14
336,TRIV
338,5
340,3
342,TRIV
344,4
346,3
348,TRIV
350,3
352,50
354,TRIV
356,3
358,4
360,TRIV
362,3
364,4
366,TRIV
368,16
370,3
372,TRIV
374,36
376,3
378,TRIV
380,3
382,3
384,TRIV
386,53
388,4
390,TRIV
392,3
394,20
396,TRIV
398,3
400,ALG
402,TRIV
404,70
406,25
408,TRIV
410,4
412,3
414,TRIV
416,3
418,3
420,TRIV
422,3
424,6
426,TRIV
428,4
430,4
432,TRIV
434,12
436,3
438,TRIV
440,4
442,8
444,TRIV
446,3
448,3
450,TRIV
452,3
454,22
456,TRIV
458,3
460,3
462,TRIV
464,6
466,3
468,TRIV
470,4
472,3
474,TRIV
476,5
478,3
480,TRIV
482,4
484,ALG
486,TRIV
488,3
490,3
492,TRIV
494,4
496,3
498,TRIV
500,3
502,3
504,TRIV
506,3
508,4
510,TRIV
512,5
514,4
516,TRIV
518,3
520,9
522,TRIV
524,4
526,7
528,TRIV
530,3
532,3
534,TRIV
536,3
538,3
540,TRIV
542,999
544,6
546,TRIV
548,3
550,3
552,TRIV
554,4
556,3
558,TRIV
560,7
562,3
564,TRIV
566,3
568,5
570,TRIV
572,3
574,4
576,TRIV
578,3
580,3
582,TRIV
584,6
586,7
588,TRIV
590,3
592,3
594,TRIV
596,5
598,3
600,TRIV
602,3
604,6
606,TRIV
608,4
610,5
612,TRIV
614,3024
616,3
618,TRIV
620,3
622,3
624,TRIV
626,3
628,3
630,TRIV
632,3
634,4
636,TRIV
638,4
640,3
642,TRIV
644,6
646,3
648,TRIV
650,3
652,7
654,TRIV
656,3
658,3
660,TRIV
662,3
664,4
666,TRIV
668,3
670,3
672,TRIV
674,6
676,3 (ALG)
678,TRIV
680,4
682,3
684,TRIV
686,3
688,3
690,TRIV
692,3
694,4
696,TRIV
698,3
700,3
702,TRIV
704,4
706,3
708,TRIV
710,3
712,3
714,TRIV
716,3
718,3
720,TRIV
722,3
724,3
726,TRIV
728,5
730,6
732,TRIV
734,4
736,5
738,TRIV
740,4
742,7
744,TRIV
746,7
748,4
750,TRIV
752,8
754,4
756,TRIV
758,12
760,4
762,TRIV
764,8
766,33
768,TRIV
770,4
772,6
774,TRIV
776,17
778,4
780,TRIV
782,4
784,ALG
786,TRIV
788,6
790,7
792,TRIV
794,8
796,549
798,TRIV
800,6
802,24
804,TRIV
806,5
808,7
810,TRIV
812,4
814,8
816,TRIV
818,4
820,4
822,TRIV
824,4
826,7
828,TRIV
830,10
832,5
834,TRIV
836,7
838,5
840,TRIV
842,5
844,4
846,TRIV
848,7
850,4
852,TRIV
854,108
856,5
858,TRIV
860,4
862,53
864,TRIV
866,7
868,4
870,TRIV
872,4
874,6
876,TRIV
878,4
880,5
882,TRIV
884,900
886,9
888,TRIV
890,37
892,4
894,TRIV
896,5
898,5
900,TRIV
902,4
904,4
906,TRIV
908,4
910,4
912,TRIV
914,4
916,9
918,TRIV
920,4
922,4
924,TRIV
926,REM
928,6
930,TRIV
932,23
934,6
936,TRIV
938,4
940,5
942,TRIV
944,REM
946,7
948,TRIV
950,5
952,18
954,TRIV
956,39
958,18
960,TRIV
962,8
964,16
966,TRIV
968,23
970,4
972,TRIV
974,14
976,5
978,TRIV
980,4
982,5
984,TRIV
986,7
988,4
990,TRIV
992,4
994,6
996,TRIV
998,4
1000,5
1002,TRIV
1004,4
1006,5
1008,TRIV
1010,8
1012,6
1014,TRIV
1016,13
1018,5
1020,TRIV
1022,5
1024,ALG
1026,TRIV
1028,7
1030,4
1032,TRIV
1034,4
1036,5
1038,TRIV
1040,4
1042,4
1044,TRIV
1046,7
1048,6
1050,TRIV
1052,6
1054,4
1056,TRIV
1058,4
1060,4
1062,TRIV
1064,10
1066,15
1068,TRIV
1070,10
1072,5
1074,TRIV
1076,5
1078,4
1080,TRIV
1082,4
1084,4
1086,TRIV
1088,6
1090,4
1092,TRIV
1094,218
1096,7
1098,TRIV
1100,19
1102,5
1104,TRIV
1106,5
1108,6
1110,TRIV
1112,4
1114,20
1116,TRIV
1118,4
1120,4
1122,TRIV
1124,4
1126,5
1128,TRIV
1130,4
1132,5
1134,TRIV
1136,35
1138,6
1140,TRIV
1142,4
1144,4
1146,TRIV
1148,4
1150,5
1152,TRIV
1154,4
1156,ALG
1158,TRIV
1160,76
1162,4
1164,TRIV
