2,1
4,1
6,TRIV
8,TRIV
10,TRIV
12,TRIV
14,2
16,3
18,TRIV
20,TRIV
22,TRIV
24,TRIV
26,2
28,2
30,TRIV
32,2
34,2
36,TRIV
38,4
40,TRIV
42,TRIV
44,2
46,2
48,TRIV
50,TRIV
52,2
54,TRIV
56,3
58,2
60,TRIV
62,2
64,TRIV
66,TRIV
68,2
70,TRIV
72,TRIV
74,2
76,2
78,TRIV
80,TRIV
82,4
84,TRIV
86,2
88,2
90,TRIV
92,TRIV
94,2
96,TRIV
98,2
100,TRIV
102,TRIV
104,3
106,TRIV
108,TRIV
110,TRIV
112,2
114,TRIV
116,2
118,2
120,TRIV
122,2
124,2
126,TRIV
128,2
130,TRIV
132,TRIV
134,TRIV
136,2
138,TRIV
140,TRIV
142,2
144,TRIV
146,2
148,TRIV
150,TRIV
152,2
154,2
156,TRIV
158,2
160,TRIV
162,TRIV
164,2
166,2
168,TRIV
170,TRIV
172,2
174,TRIV
176,TRIV
178,2
180,TRIV
182,2
184,2
186,TRIV
188,2
190,TRIV
192,TRIV
194,2
196,2
198,TRIV
200,TRIV
202,2
204,TRIV
206,2
208,2
210,TRIV
212,2
214,2
216,TRIV
218,TRIV
220,TRIV
222,TRIV
224,7
226,5
228,TRIV
230,TRIV
232,TRIV
234,TRIV
236,8
238,3
240,TRIV
242,4
244,5
246,TRIV
248,4
250,TRIV
252,TRIV
254,3
256,3
258,TRIV
260,TRIV
262,4
264,TRIV
266,3
268,8
270,TRIV
272,5
274,TRIV
276,TRIV
278,13
280,TRIV
282,TRIV
284,4
286,3
288,TRIV
290,TRIV
292,3
294,TRIV
296,3
298,12
300,TRIV
302,TRIV
304,4
306,TRIV
308,3
310,TRIV
312,TRIV
314,3
316,TRIV
318,TRIV
320,TRIV
322,5
324,TRIV
326,3
328,5
330,TRIV
332,7
334,3
336,TRIV
338,3
340,TRIV
342,TRIV
344,TRIV
346,5
348,TRIV
350,TRIV
352,3
354,TRIV
356,3
358,TRIV
360,TRIV
362,4
364,3
366,TRIV
368,10
370,TRIV
372,TRIV
374,3
376,3
378,TRIV
380,TRIV
382,8
384,TRIV
386,TRIV
388,5
390,TRIV
392,11
394,4
396,TRIV
398,4
400,TRIV
402,TRIV
404,3
406,3
408,TRIV
410,TRIV
412,3
414,TRIV
416,17
418,3
420,TRIV
422,3
424,7
426,TRIV
428,TRIV
430,TRIV
432,TRIV
434,5
436,3
438,TRIV
440,TRIV
442,TRIV
444,TRIV
446,5
448,3
450,TRIV
452,12
454,10
456,TRIV
458,3
460,TRIV
462,TRIV
464,6
466,3
468,TRIV
470,TRIV
472,3
474,TRIV
476,5
478,3
480,TRIV
482,5
484,TRIV
486,TRIV
488,3
490,TRIV
492,TRIV
494,4
496,3
498,TRIV
500,TRIV
502,4
504,TRIV
506,4
508,5
510,TRIV
512,TRIV
514,3
516,TRIV
518,3
520,TRIV
522,TRIV
524,3
526,TRIV
528,TRIV
530,TRIV
532,3
534,TRIV
536,6
538,3
540,TRIV
542,3
544,13
546,TRIV
548,4
550,TRIV
552,TRIV
554,TRIV
556,3
558,TRIV
560,TRIV
562,12
564,TRIV
566,6
568,TRIV
570,TRIV
572,3
574,3
576,TRIV
578,3
580,TRIV
582,TRIV
584,3
586,3
588,TRIV
590,TRIV
592,4
594,TRIV
596,TRIV
598,3
600,TRIV
602,4
604,4
606,TRIV
608,3
610,TRIV
612,TRIV
614,7
616,7
618,TRIV
620,TRIV
622,3
624,TRIV
626,3
628,6
630,TRIV
632,4
634,3
636,TRIV
638,TRIV
640,TRIV
642,TRIV
644,3
646,3
648,TRIV
650,TRIV
652,TRIV
654,TRIV
656,3
658,29
660,TRIV
662,3
664,3
666,TRIV
668,3
670,TRIV
672,TRIV
674,36
676,3
678,TRIV
680,TRIV
682,3
684,TRIV
686,3
688,3
690,TRIV
692,3
694,TRIV
696,TRIV
698,3
700,TRIV
702,TRIV
704,3
706,4
708,TRIV
710,TRIV
712,3
714,TRIV
716,3
718,3
720,TRIV
722,TRIV
724,19
726,TRIV
728,3
730,TRIV
732,TRIV
734,4
736,TRIV
738,TRIV
740,TRIV
742,3
744,TRIV
746,5
748,4
750,TRIV
752,28
754,3
756,TRIV
758,3
760,TRIV
762,TRIV
764,TRIV
766,3
768,TRIV
770,TRIV
772,4
774,TRIV
776,5
778,TRIV
780,TRIV
782,3
784,3
786,TRIV
788,9
790,TRIV
792,TRIV
794,4
796,3
798,TRIV
800,TRIV
802,4
804,TRIV
806,TRIV
808,20
810,TRIV
812,9
814,4
816,TRIV
818,3
820,TRIV
822,TRIV
824,3
826,3
828,TRIV
830,TRIV
832,3
834,TRIV
836,3
838,4
840,TRIV
842,4
844,3
846,TRIV
848,TRIV
850,TRIV
852,TRIV
854,3
856,5
858,TRIV
860,TRIV
862,TRIV
864,TRIV
866,8
868,4
870,TRIV
872,3
874,5
876,TRIV
878,4
880,TRIV
882,TRIV
884,4
886,4
888,TRIV
890,TRIV
892,11
894,TRIV
896,13
898,3
900,TRIV
902,3
904,TRIV
906,TRIV
908,3
910,TRIV
912,TRIV
914,4
916,3
918,TRIV
920,TRIV
922,5
924,TRIV
926,5
928,3
930,TRIV
932,TRIV
934,3
936,TRIV
938,3
940,TRIV
942,TRIV
944,4
946,TRIV
948,TRIV
950,TRIV
952,3
954,TRIV
956,4
958,3
960,TRIV
962,4
964,3
966,TRIV
968,6
970,TRIV
972,TRIV
974,TRIV
976,3
978,TRIV
980,TRIV
982,3
984,TRIV
986,3
988,TRIV
990,TRIV
992,3
994,3
996,TRIV
998,3
1000,TRIV
1002,TRIV
1004,3
1006,6
1008,TRIV
1010,TRIV
1012,4
1014,TRIV
1016,TRIV
1018,3
1020,TRIV
1022,4
1024,3
1026,TRIV
1028,3
1030,TRIV
1032,TRIV
1034,3
1036,3
1038,TRIV
1040,TRIV
1042,3
1044,TRIV
1046,6
1048,8
1050,TRIV
1052,5
1054,4469
1056,TRIV
1058,TRIV
1060,TRIV
1062,TRIV
1064,3
1066,3
1068,TRIV
1070,TRIV
1072,TRIV
1074,TRIV
1076,4
1078,3
1080,TRIV
1082,3
1084,7
1086,TRIV
1088,3
1090,TRIV
1092,TRIV
1094,3
1096,4
1098,TRIV
1100,TRIV
1102,3
1104,TRIV
1106,3
1108,3
1110,TRIV
1112,344
1114,TRIV
1116,TRIV
1118,50
1120,TRIV
1122,TRIV
1124,3
1126,4
1128,TRIV
1130,TRIV
1132,3
1134,TRIV
1136,3
1138,3
1140,TRIV
1142,TRIV
1144,4
1146,TRIV
1148,4
1150,TRIV
1152,TRIV
1154,3
1156,TRIV
1158,TRIV
1160,TRIV
1162,3
1164,TRIV
1166,4
1168,3
1170,TRIV
1172,3
1174,4
1176,TRIV
1178,7
1180,TRIV
1182,TRIV
1184,TRIV
1186,5
1188,TRIV
1190,TRIV
1192,4
1194,TRIV
1196,3
1198,TRIV
1200,TRIV
1202,7
1204,6
1206,TRIV
1208,4
1210,TRIV
1212,TRIV
1214,3
1216,4
1218,TRIV
1220,TRIV
1222,3
1224,TRIV
1226,TRIV
1228,14
1230,TRIV
1232,3
1234,3
1236,TRIV
1238,3
1240,TRIV
1242,TRIV
1244,3
1246,3
1248,TRIV
1250,TRIV
1252,7
1254,TRIV
1256,4
1258,4
1260,TRIV
1262,3
1264,3
1266,TRIV
1268,TRIV
1270,TRIV
1272,TRIV
1274,5
1276,3
1278,TRIV
1280,TRIV
1282,TRIV
1284,TRIV
1286,3
1288,3
1290,TRIV
1292,3
1294,3
1296,TRIV
1298,9
1300,TRIV
1302,TRIV
1304,5
1306,3
1308,TRIV
1310,TRIV
1312,3
1314,TRIV
1316,6
1318,4
1320,TRIV
1322,3
1324,TRIV
1326,TRIV
1328,4
1330,TRIV
1332,TRIV
1334,5
1336,3
1338,TRIV
1340,TRIV
1342,6
1344,TRIV
1346,3
1348,3
1350,TRIV
1352,TRIV
1354,17
1356,TRIV
1358,3
1360,TRIV
1362,TRIV
1364,3
1366,TRIV
1368,TRIV
1370,TRIV
1372,3
1374,TRIV
1376,3
1378,3
1380,TRIV
1382,3
1384,16
1386,TRIV
1388,3
1390,TRIV
1392,TRIV
1394,TRIV
1396,3
1398,TRIV
1400,TRIV
1402,3
1404,TRIV
1406,6
1408,TRIV
1410,TRIV
1412,23
1414,4
1416,TRIV
1418,4
1420,TRIV
1422,TRIV
1424,3
1426,3
1428,TRIV
1430,TRIV
1432,4
1434,TRIV
1436,TRIV
1438,5
1440,TRIV
1442,3
1444,3
1446,TRIV
1448,4
1450,TRIV
1452,TRIV
1454,4
1456,4
1458,TRIV
1460,TRIV
1462,3
1464,TRIV
1466,5
1468,3
1470,TRIV
1472,5
1474,3
1476,TRIV
1478,TRIV
1480,TRIV
1482,TRIV
1484,7
1486,3
1488,TRIV
1490,TRIV
1492,TRIV
1494,TRIV
1496,3
1498,3
1500,TRIV
1502,3
1504,3
1506,TRIV
1508,3
1510,TRIV
1512,TRIV
1514,3
1516,4
1518,TRIV
1520,TRIV
1522,4
1524,TRIV
1526,8
1528,3
1530,TRIV
1532,6
1534,TRIV
1536,TRIV
1538,12
1540,TRIV
1542,TRIV
1544,3
1546,5
1548,TRIV
1550,TRIV
1552,3
1554,TRIV
1556,4
1558,18
1560,TRIV
1562,TRIV
1564,3
1566,TRIV
1568,4
1570,TRIV
1572,TRIV
1574,3
1576,TRIV
1578,TRIV
1580,TRIV
1582,4
1584,TRIV
1586,3
1588,3
1590,TRIV
1592,3
1594,4
1596,TRIV
1598,3
1600,TRIV
1602,TRIV
1604,TRIV
1606,4
1608,TRIV
1610,TRIV
1612,5
1614,TRIV
1616,3
1618,TRIV
1620,TRIV
1622,3
1624,5
1626,TRIV
1628,3
1630,TRIV
1632,TRIV
1634,3
1636,4
1638,TRIV
1640,TRIV
1642,3
1644,TRIV
1646,TRIV
1648,5
1650,TRIV
1652,3
1654,3
1656,TRIV
1658,7
1660,TRIV
1662,TRIV
1664,5
1666,3
1668,TRIV
1670,TRIV
1672,4
1674,TRIV
1676,3
1678,3
1680,TRIV
1682,3
1684,6
1686,TRIV
1688,TRIV
1690,TRIV
1692,TRIV
1694,7
1696,13
1698,TRIV
1700,TRIV
1702,TRIV
1704,TRIV
1706,3
1708,3
1710,TRIV
1712,3
1714,5
1716,TRIV
1718,3
1720,TRIV
1722,TRIV
1724,5
1726,8
1728,TRIV
1730,TRIV
1732,6
1734,TRIV
1736,4
1738,3
1740,TRIV
1742,4
1744,TRIV
1746,TRIV
1748,3
1750,TRIV
1752,TRIV
1754,3
1756,3
1758,TRIV
1760,TRIV
1762,3
1764,TRIV
1766,3
1768,3
1770,TRIV
1772,TRIV
1774,3
1776,TRIV
1778,3
1780,TRIV
1782,TRIV
1784,7
1786,TRIV
1788,TRIV
1790,TRIV
1792,3
1794,TRIV
1796,3
1798,5
1800,TRIV
1802,4
1804,3
1806,TRIV
1808,3
1810,TRIV
1812,TRIV
1814,TRIV
1816,3
1818,TRIV
1820,TRIV
1822,3
1824,TRIV
1826,3
1828,TRIV
1830,TRIV
1832,3
1834,6
1836,TRIV
1838,4
1840,TRIV
1842,TRIV
1844,3
1846,4
1848,TRIV
1850,TRIV
1852,3
1854,TRIV
1856,TRIV
1858,4
1860,TRIV
1862,5
1864,3
1866,TRIV
1868,4
1870,TRIV
1872,TRIV
1874,4
1876,3
1878,TRIV
1880,TRIV
1882,3
1884,TRIV
1886,3
1888,3
1890,TRIV
1892,3
1894,3
1896,TRIV
1898,TRIV
1900,TRIV
1902,TRIV
1904,3
1906,10
1908,TRIV
1910,TRIV
1912,TRIV
1914,TRIV
1916,3
1918,5
1920,TRIV
1922,3
1924,3
1926,TRIV
1928,3
1930,TRIV
1932,TRIV
1934,12
1936,3
1938,TRIV
1940,TRIV
1942,3
1944,TRIV
1946,3
1948,3
1950,TRIV
1952,3
1954,TRIV
1956,TRIV
1958,5
1960,TRIV
1962,TRIV
1964,4
1966,3
1968,TRIV
1970,TRIV
1972,5
1974,TRIV
1976,3
1978,4
1980,TRIV
1982,TRIV
1984,9
1986,TRIV
1988,5
1990,TRIV
1992,TRIV
1994,3
1996,TRIV
1998,TRIV
2000,TRIV
2002,3
2004,TRIV
2006,4
2008,3
2010,TRIV
2012,5
2014,3
2016,TRIV
2018,14
2020,TRIV
2022,TRIV
2024,TRIV
2026,6
2028,TRIV
2030,TRIV
2032,4
2034,TRIV
2036,4
2038,TRIV
2040,TRIV
2042,11
2044,5
2046,TRIV
2048,3
2050,TRIV
2052,TRIV
2054,3
2056,3
2058,TRIV
2060,TRIV
2062,4
2064,TRIV
2066,TRIV
2068,3
2070,TRIV
2072,3
2074,3
2076,TRIV
2078,3
2080,TRIV
2082,TRIV
2084,3
2086,3
2088,TRIV
2090,TRIV
2092,3
2094,TRIV
2096,3
2098,3
2100,TRIV
2102,4
2104,5
2106,TRIV
2108,TRIV
2110,TRIV
2112,TRIV
2114,10
2116,3
2118,TRIV
2120,TRIV
2122,TRIV
2124,TRIV
2126,3
2128,4
2130,TRIV
2132,5
2134,4
2136,TRIV
2138,3
2140,TRIV
2142,TRIV
2144,3
2146,3
2148,TRIV
2150,TRIV
2152,3
2154,TRIV
2156,30
2158,3
2160,TRIV
2162,3
2164,TRIV
2166,TRIV
2168,7
2170,TRIV
2172,TRIV
2174,3
2176,4
2178,TRIV
2180,TRIV
2182,3
2184,TRIV
2186,8
2188,3
2190,TRIV
2192,TRIV
2194,3
2196,TRIV
2198,9
2200,TRIV
2202,TRIV
2204,3
2206,TRIV
2208,TRIV
2210,TRIV
2212,3
2214,TRIV
2216,4
2218,4
2220,TRIV
2222,3
2224,3
2226,TRIV
2228,4
2230,TRIV
2232,TRIV
2234,TRIV
2236,6
2238,TRIV
2240,TRIV
2242,4
2244,TRIV
2246,3
2248,TRIV
2250,TRIV
2252,3
2254,4
2256,TRIV
2258,3
2260,TRIV
2262,TRIV
2264,5
2266,3
2268,TRIV
2270,TRIV
2272,3
2274,TRIV
2276,TRIV
2278,3
2280,TRIV
2282,3
2284,3
2286,TRIV
2288,3
2290,TRIV
2292,TRIV
2294,7
2296,11
2298,TRIV
2300,TRIV
2302,95
2304,TRIV
2306,3
2308,5
2310,TRIV
2312,3
2314,3
2316,TRIV
2318,TRIV
2320,TRIV
2322,TRIV
2324,3
2326,3
2328,TRIV
2330,TRIV
2332,TRIV
2334,TRIV
2336,3
2338,12
2340,TRIV
2342,3
2344,3
2346,TRIV
2348,16
2350,TRIV
2352,TRIV
2354,3
2356,3
2358,TRIV
2360,TRIV
2362,3
2364,TRIV
2366,3
2368,6
2370,TRIV
2372,7
2374,TRIV
2376,TRIV
2378,3
2380,TRIV
2382,TRIV
2384,3
2386,4
2388,TRIV
2390,TRIV
2392,3
2394,TRIV
2396,6
2398,3
2400,TRIV
2402,TRIV
2404,3
2406,TRIV
2408,3
2410,TRIV
2412,TRIV
2414,5
2416,TRIV
2418,TRIV
2420,TRIV
2422,3
2424,TRIV
2426,6
2428,3
2430,TRIV
2432,4
2434,3
2436,TRIV
2438,3
2440,TRIV
2442,TRIV
2444,TRIV
2446,3
2448,TRIV
2450,TRIV
2452,5
2454,TRIV
2456,3
2458,TRIV
2460,TRIV
2462,4
2464,3
2466,TRIV
2468,3
2470,TRIV
2472,TRIV
2474,8
2476,7
2478,TRIV
2480,TRIV
2482,13
2484,TRIV
2486,TRIV
2488,3
2490,TRIV
2492,3
2494,3
2496,TRIV
2498,3
2500,TRIV
2502,TRIV
2504,4
2506,4
2508,TRIV
2510,TRIV
2512,3
2514,TRIV
2516,3
2518,3
2520,TRIV
2522,3
2524,8
2526,TRIV
2528,TRIV
2530,TRIV
2532,TRIV
2534,4
2536,3
2538,TRIV
2540,TRIV
2542,TRIV
2544,TRIV
2546,3
2548,3
2550,TRIV
2552,3
2554,3
2556,TRIV
2558,148
2560,TRIV
2562,TRIV
2564,3
2566,3
2568,TRIV
2570,TRIV
2572,9
2574,TRIV
2576,4
2578,3
2580,TRIV
2582,6
2584,TRIV
2586,TRIV
2588,3
2590,TRIV
2592,TRIV
2594,7
2596,4
2598,TRIV
2600,TRIV
2602,3
2604,TRIV
2606,3
2608,4
2610,TRIV
2612,TRIV
2614,3
2616,TRIV
2618,3
2620,TRIV
2622,TRIV
2624,3
2626,TRIV
2628,TRIV
2630,TRIV
2632,3
2634,TRIV
2636,3
2638,10
2640,TRIV
2642,3
2644,4
2646,TRIV
2648,3
2650,TRIV
2652,TRIV
2654,TRIV
2656,3
2658,TRIV
2660,TRIV
2662,4
2664,TRIV
2666,3
2668,TRIV
2670,TRIV
2672,5
2674,3
2676,TRIV
2678,4
2680,TRIV
2682,TRIV
2684,3
2686,4
2688,TRIV
2690,TRIV
2692,3
2694,TRIV
2696,TRIV
2698,3
2700,TRIV
2702,3
2704,17
2706,TRIV
2708,4
2710,TRIV
2712,TRIV
2714,3
2716,3
2718,TRIV
2720,TRIV
2722,3
2724,TRIV
2726,5
2728,3
2730,TRIV
2732,3
2734,3
2736,TRIV
2738,TRIV
2740,TRIV
2742,TRIV
2744,3
2746,5
2748,TRIV
2750,TRIV
2752,TRIV
2754,TRIV
2756,3
2758,3
2760,TRIV
2762,3
2764,6
2766,TRIV
2768,3
2770,TRIV
2772,TRIV
2774,3
2776,3
2778,TRIV
2780,TRIV
2782,3
2784,TRIV
2786,40
2788,3
2790,TRIV
2792,91
2794,TRIV
2796,TRIV
2798,3
2800,TRIV
2802,TRIV
2804,3
2806,3
2808,TRIV
2810,TRIV
2812,3
2814,TRIV
2816,4
2818,3
2820,TRIV
2822,TRIV
2824,9
2826,TRIV
2828,3
2830,TRIV
2832,TRIV
2834,3
2836,TRIV
2838,TRIV
2840,TRIV
2842,5
2844,TRIV
2846,4
2848,4
2850,TRIV
2852,3
2854,3
2856,TRIV
2858,431
2860,TRIV
2862,TRIV
2864,TRIV
2866,3
2868,TRIV
2870,TRIV
2872,3
2874,TRIV
2876,3
2878,TRIV
2880,TRIV
2882,4
2884,3
2886,TRIV
2888,3
2890,TRIV
2892,TRIV
2894,6
2896,3
2898,TRIV
2900,TRIV
2902,7
2904,TRIV
2906,TRIV
2908,3
2910,TRIV
2912,3
2914,3
2916,TRIV
2918,3
2920,TRIV
2922,TRIV
2924,4
2926,3
2928,TRIV
2930,TRIV
2932,3
2934,TRIV
2936,3
2938,6
2940,TRIV
2942,3
2944,3
2946,TRIV
2948,TRIV
2950,TRIV
2952,TRIV
2954,3
2956,3
2958,TRIV
2960,TRIV
2962,TRIV
2964,TRIV
2966,3
2968,4
2970,TRIV
2972,4
2974,3
2976,TRIV
2978,3
2980,TRIV
2982,TRIV
2984,7
2986,3
2988,TRIV
2990,TRIV
2992,3
2994,TRIV
2996,3
2998,7
3000,TRIV
3002,3
3004,TRIV
3006,TRIV
3008,3
3010,TRIV
3012,TRIV
3014,9
3016,3
3018,TRIV
3020,TRIV
3022,3
3024,TRIV
3026,3
3028,3
3030,TRIV
3032,TRIV
3034,4
3036,TRIV
3038,3
3040,TRIV
3042,TRIV
3044,3
3046,TRIV
3048,TRIV
3050,TRIV
3052,5
3054,TRIV
3056,4
3058,3
3060,TRIV
3062,3
3064,3
3066,TRIV
3068,3
3070,TRIV
3072,TRIV
3074,TRIV
3076,6
3078,TRIV
3080,TRIV
3082,3
3084,TRIV
3086,5
3088,TRIV
3090,TRIV
3092,3
3094,3
3096,TRIV
3098,3
3100,TRIV
3102,TRIV
3104,3
3106,3
3108,TRIV
3110,TRIV
3112,3
3114,TRIV
3116,TRIV
3118,3
3120,TRIV
3122,5
3124,3
3126,TRIV
3128,4
3130,TRIV
3132,TRIV
3134,3
3136,3
3138,TRIV
3140,TRIV
3142,3
3144,TRIV
3146,3
3148,3
3150,TRIV
3152,3
3154,8
3156,TRIV
3158,TRIV
3160,TRIV
3162,TRIV
3164,3
3166,4
3168,TRIV
3170,TRIV
3172,TRIV
3174,TRIV
3176,3
3178,3
3180,TRIV
3182,3
3184,3
3186,TRIV
3188,7
3190,TRIV
3192,TRIV
3194,3
3196,3
3198,TRIV
3200,TRIV
3202,3
3204,TRIV
3206,4
3208,3
3210,TRIV
3212,3
3214,TRIV
3216,TRIV
3218,3
3220,TRIV
3222,TRIV
3224,3
3226,3
3228,TRIV
3230,TRIV
3232,16
3234,TRIV
3236,3
3238,3
3240,TRIV
3242,TRIV
3244,3
3246,TRIV
3248,3
3250,TRIV
3252,TRIV
3254,10
3256,TRIV
3258,TRIV
3260,TRIV
3262,3
3264,TRIV
3266,3
3268,3
3270,TRIV
3272,3
3274,3
3276,TRIV
3278,3
3280,TRIV
3282,TRIV
3284,TRIV
3286,3
3288,TRIV
3290,TRIV
3292,3
3294,TRIV
3296,3
3298,TRIV
3300,TRIV
3302,3
3304,3
3306,TRIV
3308,3
3310,TRIV
3312,TRIV
3314,3
3316,3
3318,TRIV
3320,TRIV
3322,3
3324,TRIV
3326,TRIV
3328,3
3330,TRIV
3332,3
3334,3
3336,TRIV
3338,3
3340,TRIV
3342,TRIV
3344,3
3346,3
3348,TRIV
3350,TRIV
3352,3
3354,TRIV
3356,3
3358,3
3360,TRIV
3362,3
3364,3
3366,TRIV
3368,TRIV
3370,TRIV
3372,TRIV
3374,4
3376,12
3378,TRIV
3380,TRIV
3382,TRIV
3384,TRIV
3386,6
3388,4
3390,TRIV
3392,8
3394,7
3396,TRIV
3398,5
3400,TRIV
3402,TRIV
3404,4
3406,5
3408,TRIV
3410,TRIV
3412,10
3414,TRIV
3416,5
3418,4
3420,TRIV
3422,7
3424,TRIV
3426,TRIV
3428,18
3430,TRIV
3432,TRIV
3434,11
3436,4
3438,TRIV
3440,TRIV
3442,6
3444,TRIV
3446,6
3448,13
3450,TRIV
3452,TRIV
3454,6
3456,TRIV
3458,13
3460,TRIV
3462,TRIV
3464,4
3466,TRIV
3468,TRIV
3470,TRIV
3472,5
3474,TRIV
3476,4
3478,4
3480,TRIV
3482,4
3484,8
3486,TRIV
3488,4
3490,TRIV
3492,TRIV
3494,TRIV
3496,4
3498,TRIV
3500,TRIV
3502,4
3504,TRIV
3506,4
3508,TRIV
3510,TRIV
3512,5
3514,4
3516,TRIV
3518,42
3520,TRIV
3522,TRIV
3524,8
3526,13
3528,TRIV
3530,TRIV
3532,4
3534,TRIV
3536,TRIV
3538,4
3540,TRIV
3542,14
3544,11
3546,TRIV
3548,8
3550,TRIV
3552,TRIV
3554,7
3556,7
3558,TRIV
3560,TRIV
3562,5
3564,TRIV
3566,4
3568,4
3570,TRIV
3572,8
3574,4
3576,TRIV
3578,TRIV
3580,TRIV
3582,TRIV
3584,4
3586,5
3588,TRIV
3590,TRIV
3592,TRIV
3594,TRIV
3596,7
3598,7
3600,TRIV
3602,18
3604,5
3606,TRIV
3608,4
3610,TRIV
3612,TRIV
3614,11
3616,5
3618,TRIV
3620,TRIV
3622,6
3624,TRIV
3626,11
3628,4
3630,TRIV
3632,4
3634,TRIV
3636,TRIV
3638,5
3640,TRIV
3642,TRIV
3644,7
3646,74
3648,TRIV
3650,TRIV
3652,7
3654,TRIV
3656,5
3658,5
3660,TRIV
3662,TRIV
3664,6
3666,TRIV
3668,4
3670,TRIV
3672,TRIV
3674,10
3676,TRIV
3678,TRIV
3680,TRIV
3682,9
3684,TRIV
3686,6
3688,18
3690,TRIV
3692,4
3694,5
3696,TRIV
3698,8
3700,TRIV
3702,TRIV
3704,TRIV
3706,4
3708,TRIV
3710,TRIV
3712,5
3714,TRIV
3716,9
3718,TRIV
3720,TRIV
3722,18
3724,4
3726,TRIV
3728,8
3730,TRIV
3732,TRIV
3734,21
3736,4
3738,TRIV
3740,TRIV
3742,6
3744,TRIV
3746,TRIV
3748,4
3750,TRIV
3752,8
3754,11
3756,TRIV
3758,4
3760,TRIV
3762,TRIV
3764,4
3766,7
3768,TRIV
3770,TRIV
3772,4
3774,TRIV
3776,6
3778,5
3780,TRIV
3782,5
3784,10
3786,TRIV
3788,TRIV
3790,TRIV
3792,TRIV
3794,4
3796,4
3798,TRIV
3800,TRIV
3802,TRIV
3804,TRIV
3806,4
3808,4
3810,TRIV
3812,6
3814,4
3816,TRIV
3818,4
3820,TRIV
3822,TRIV
3824,5
3826,6
3828,TRIV
3830,TRIV
3832,12
3834,TRIV
3836,5
3838,7
3840,TRIV
3842,6
3844,TRIV
3846,TRIV
3848,6
3850,TRIV
3852,TRIV
3854,4
3856,4
3858,TRIV
3860,TRIV
3862,11
3864,TRIV
3866,5
3868,4
3870,TRIV
3872,TRIV
3874,4
3876,TRIV
3878,4
3880,TRIV
3882,TRIV
3884,9
3886,TRIV
3888,TRIV
3890,TRIV
3892,5
3894,TRIV
3896,7
3898,4
3900,TRIV
3902,4
3904,8
3906,TRIV
3908,8
3910,TRIV
3912,TRIV
3914,TRIV
3916,6
3918,TRIV
3920,TRIV
3922,4
3924,TRIV
3926,5
3928,TRIV
3930,TRIV
3932,8
3934,4
3936,TRIV
3938,4
3940,TRIV
3942,TRIV
3944,4
3946,4
3948,TRIV
3950,TRIV
3952,6
3954,TRIV
3956,TRIV
3958,9
3960,TRIV
3962,4
3964,28
3966,TRIV
3968,6
3970,TRIV
3972,TRIV
3974,5
3976,4
3978,TRIV
3980,TRIV
3982,4
3984,TRIV
3986,4
3988,5
3990,TRIV
3992,4
3994,6
3996,TRIV
3998,TRIV
4000,TRIV
4002,TRIV
4004,5
4006,4
4008,TRIV
4010,TRIV
4012,TRIV
4014,TRIV
4016,11
4018,5
4020,TRIV
4022,38
4024,4
4026,TRIV
4028,6
4030,TRIV
4032,TRIV
4034,4
4036,4
4038,TRIV
4040,TRIV
4042,5
4044,TRIV
4046,5
4048,6
4050,TRIV
4052,4
4054,TRIV
4056,TRIV
4058,4
4060,TRIV
4062,TRIV
4064,5
4066,4
4068,TRIV
4070,TRIV
4072,8
4074,TRIV
4076,4
4078,15
4080,TRIV
4082,TRIV
4084,8
4086,TRIV
4088,6
4090,TRIV
4092,TRIV
4094,16
4096,TRIV
4098,TRIV
4100,TRIV
4102,4
4104,TRIV
4106,8
4108,5
4110,TRIV
4112,6
4114,4
4116,TRIV
4118,4
4120,TRIV
4122,TRIV
4124,TRIV
4126,4
4128,TRIV
4130,TRIV
4132,6
4134,TRIV
4136,4
4138,TRIV
4140,TRIV
4142,5
4144,15
4146,TRIV
4148,4
4150,TRIV
4152,TRIV
4154,4
4156,9
4158,TRIV
4160,TRIV
4162,5
4164,TRIV
4166,TRIV
4168,4
4170,TRIV
4172,5
4174,4
4176,TRIV
4178,4
4180,TRIV
4182,TRIV
4184,4
4186,4
4188,TRIV
4190,TRIV
4192,6
4194,TRIV
4196,19
4198,22
4200,TRIV
4202,5
4204,5
4206,TRIV
4208,TRIV
4210,TRIV
4212,TRIV
4214,4
4216,6
4218,TRIV
4220,TRIV
4222,TRIV
4224,TRIV
4226,4
4228,5
4230,TRIV
4232,5
4234,42
4236,TRIV
4238,5
4240,TRIV
4242,TRIV
4244,4
4246,7
4248,TRIV
4250,TRIV
4252,6
4254,TRIV
4256,10
4258,6
4260,TRIV
4262,10
4264,TRIV
4266,TRIV
4268,5
4270,TRIV
4272,TRIV
4274,4
4276,4
4278,TRIV
4280,TRIV
4282,36
4284,TRIV
4286,7
4288,4
4290,TRIV
4292,TRIV
4294,5
4296,TRIV
4298,4
4300,TRIV
4302,TRIV
4304,5
4306,TRIV
4308,TRIV
4310,TRIV
4312,6
4314,TRIV
4316,4
4318,4
4320,TRIV
4322,6
4324,4
4326,TRIV
4328,10
4330,TRIV
4332,TRIV
4334,TRIV
4336,27
4338,TRIV
4340,TRIV
4342,5
4344,TRIV
4346,4
4348,TRIV
4350,TRIV
4352,4
4354,4
4356,TRIV
4358,35
4360,TRIV
4362,TRIV
4364,4
4366,5
4368,TRIV
4370,TRIV
4372,6
4374,TRIV
4376,TRIV
4378,6
4380,TRIV
4382,5
4384,5
4386,TRIV
4388,4
4390,TRIV
4392,TRIV
4394,5
4396,4
4398,TRIV
4400,TRIV
4402,5
4404,TRIV
4406,4
4408,5
4410,TRIV
4412,6
4414,6
4416,TRIV
4418,TRIV
4420,TRIV
4422,TRIV
4424,6
4426,4
4428,TRIV
4430,TRIV
4432,TRIV
4434,TRIV
4436,5
4438,4
4440,TRIV
4442,4
4444,4
4446,TRIV
4448,8
4450,TRIV
4452,TRIV
4454,4
4456,8
4458,TRIV
4460,TRIV
4462,6
4464,TRIV
4466,6
4468,5
4470,TRIV
4472,4
4474,TRIV
4476,TRIV
4478,4
4480,TRIV
4482,TRIV
4484,4
4486,6
4488,TRIV
4490,TRIV
4492,4
4494,TRIV
4496,26
4498,5
4500,TRIV
4502,TRIV
4504,10
4506,TRIV
4508,6
4510,TRIV
4512,TRIV
4514,5
4516,TRIV
4518,TRIV
4520,TRIV
4522,4
4524,TRIV
4526,4
4528,15
4530,TRIV
4532,4
4534,4
4536,TRIV
4538,6
4540,TRIV
4542,TRIV
4544,TRIV
4546,5
4548,TRIV
4550,TRIV
4552,4
4554,TRIV
4556,14
4558,TRIV
4560,TRIV
4562,11
4564,4
4566,TRIV
4568,10
4570,TRIV
4572,TRIV
4574,4
4576,4
4578,TRIV
4580,TRIV
4582,10
4584,TRIV
4586,TRIV
4588,26
4590,TRIV
4592,31
4594,5
4596,TRIV
4598,4
4600,TRIV
4602,TRIV
4604,4
4606,6
4608,TRIV
4610,TRIV
4612,7
4614,TRIV
4616,20
4618,9
4620,TRIV
4622,6
4624,5
4626,TRIV
4628,TRIV
4630,TRIV
4632,TRIV
4634,6
4636,4
4638,TRIV
4640,TRIV
4642,TRIV
4644,TRIV
4646,4
4648,7
4650,TRIV
4652,5
4654,4
4656,TRIV
4658,5
4660,TRIV
4662,TRIV
4664,5
4666,4
4668,TRIV
4670,TRIV
4672,4
4674,TRIV
4676,4
4678,6
4680,TRIV
4682,4
4684,TRIV
4686,TRIV
4688,7
4690,TRIV
4692,TRIV
4694,7
4696,7
4698,TRIV
4700,TRIV
4702,6
4704,TRIV
4706,12
4708,6
4710,TRIV
4712,TRIV
4714,7
4716,TRIV
4718,28
4720,TRIV
4722,TRIV
4724,5
4726,TRIV
4728,TRIV
4730,TRIV
4732,4
4734,TRIV
4736,5
4738,4
4740,TRIV
4742,23
4744,21
4746,TRIV
4748,5
4750,TRIV
4752,TRIV
4754,TRIV
4756,4
4758,TRIV
4760,TRIV
4762,4
4764,TRIV
4766,8
4768,TRIV
4770,TRIV
4772,4
4774,10
4776,TRIV
4778,5
4780,TRIV
4782,TRIV
4784,4
4786,7
4788,TRIV
4790,TRIV
4792,4
4794,TRIV
4796,TRIV
4798,4
4800,TRIV
4802,4
4804,4
4806,TRIV
4808,4
4810,TRIV
4812,TRIV
4814,6
4816,6
4818,TRIV
4820,TRIV
4822,7
4824,TRIV
4826,5
4828,8
4830,TRIV
4832,11
4834,6
4836,TRIV
4838,TRIV
4840,TRIV
4842,TRIV
4844,5
4846,4
4848,TRIV
4850,TRIV
4852,TRIV
4854,TRIV
4856,9
4858,4
4860,TRIV
4862,4
4864,8
4866,TRIV
4868,4
4870,TRIV
4872,TRIV
4874,4
4876,6
4878,TRIV
4880,TRIV
4882,54
4884,TRIV
4886,5
4888,4
4890,TRIV
4892,5
4894,TRIV
4896,TRIV
4898,20
4900,TRIV
4902,TRIV
4904,19
4906,7
4908,TRIV
4910,TRIV
4912,5
4914,TRIV
4916,8
4918,4
4920,TRIV
4922,TRIV
4924,5
4926,TRIV
4928,4
4930,TRIV
4932,TRIV
4934,4
4936,TRIV
4938,TRIV
4940,TRIV
4942,20
4944,TRIV
4946,7
4948,4
4950,TRIV
4952,4
4954,5
4956,TRIV
4958,4
4960,TRIV
4962,TRIV
4964,TRIV
4966,4
4968,TRIV
4970,TRIV
4972,14
4974,TRIV
4976,5
4978,TRIV
4980,TRIV
4982,11
4984,4
4986,TRIV
4988,14
4990,TRIV
4992,TRIV
4994,4
4996,5
4998,TRIV
5000,TRIV
5002,5
5004,TRIV
5006,TRIV
5008,5
5010,TRIV
5012,4
5014,15
5016,TRIV
5018,11
5020,TRIV
5022,TRIV
5024,12
5026,4
5028,TRIV
5030,TRIV
5032,5
5034,TRIV
5036,4
5038,4
5040,TRIV
5042,5
5044,8
5046,TRIV
5048,TRIV
5050,TRIV
5052,TRIV
5054,15
5056,4
5058,TRIV
5060,TRIV
5062,TRIV
5064,TRIV
5066,9
5068,4
5070,TRIV
5072,4
5074,5
5076,TRIV
5078,5
5080,TRIV
5082,TRIV
5084,4
5086,5
5088,TRIV
5090,TRIV
5092,4
5094,TRIV
5096,5
5098,6
5100,TRIV
5102,4
5104,TRIV
5106,TRIV
5108,5
5110,TRIV
5112,TRIV
5114,10
5116,6
5118,TRIV
5120,TRIV
5122,4
5124,TRIV
5126,5
5128,4
5130,TRIV
5132,TRIV
5134,4
5136,TRIV
5138,13
5140,TRIV
5142,TRIV
5144,4
5146,TRIV
5148,TRIV
5150,TRIV
5152,5
5154,TRIV
5156,6
5158,5
5160,TRIV
5162,10
5164,5
5166,TRIV
5168,5
5170,TRIV
5172,TRIV
5174,TRIV
5176,6
5178,TRIV
5180,TRIV
5182,8
5184,TRIV
5186,4
5188,TRIV
5190,TRIV
5192,4
5194,5
5196,TRIV
5198,4
5200,TRIV
5202,TRIV
5204,12
5206,6
5208,TRIV
5210,TRIV
5212,4
5214,TRIV
5216,TRIV
5218,5
5220,TRIV
5222,4
5224,13
5226,TRIV
5228,6
5230,TRIV
5232,TRIV
5234,7
5236,4
5238,TRIV
5240,TRIV
5242,5
5244,TRIV
5246,6
5248,4
5250,TRIV
5252,5
5254,5
5256,TRIV
5258,TRIV
5260,TRIV
5262,TRIV
5264,4
5266,5
5268,TRIV
5270,TRIV
5272,TRIV
5274,TRIV
5276,5
5278,10
5280,TRIV
5282,4
5284,4
5286,TRIV
5288,4
5290,TRIV
5292,TRIV
5294,5
5296,4
5298,TRIV
5300,TRIV
5302,5
5304,TRIV
5306,4
5308,4
5310,TRIV
5312,9
5314,TRIV
5316,TRIV
5318,4
5320,TRIV
5322,TRIV
5324,18
5326,84
5328,TRIV
5330,TRIV
5332,4
5334,TRIV
5336,4
5338,5
5340,TRIV
5342,TRIV
5344,4
5346,TRIV
5348,5
5350,TRIV
5352,TRIV
5354,6
5356,TRIV
5358,TRIV
5360,TRIV
5362,4
5364,TRIV
5366,4
5368,9
5370,TRIV
5372,5
5374,6
5376,TRIV
5378,4
5380,TRIV
5382,TRIV
5384,TRIV
5386,13
5388,TRIV
5390,TRIV
5392,4
5394,TRIV
5396,5
5398,TRIV
5400,TRIV
5402,7
5404,13
5406,TRIV
5408,6
5410,TRIV
5412,TRIV
5414,6
5416,5
5418,TRIV
5420,TRIV
5422,6
5424,TRIV
5426,TRIV
5428,4
5430,TRIV
5432,12
5434,4
5436,TRIV
5438,5
5440,TRIV
5442,TRIV
5444,4
5446,4
5448,TRIV
5450,TRIV
5452,8
5454,TRIV
5456,7
5458,10
5460,TRIV
5462,11
5464,4
5466,TRIV
5468,TRIV
5470,TRIV
5472,TRIV
5474,8
5476,7
5478,TRIV
5480,TRIV
5482,TRIV
5484,TRIV
5486,4
5488,4
5490,TRIV
5492,13
5494,4
5496,TRIV
5498,4
5500,TRIV
5502,TRIV
5504,4
5506,4
5508,TRIV
5510,TRIV
5512,21
5514,TRIV
5516,5
5518,11
5520,TRIV
5522,12
5524,TRIV
5526,TRIV
5528,5
5530,TRIV
5532,TRIV
5534,7
5536,5
5538,TRIV
5540,TRIV
5542,4
5544,TRIV
5546,9
5548,4
5550,TRIV
5552,TRIV
5554,5
5556,TRIV
5558,30
5560,TRIV
5562,TRIV
5564,4
5566,TRIV
5568,TRIV
5570,TRIV
5572,4
5574,TRIV
5576,5
5578,7
5580,TRIV
5582,5
5584,6
5586,TRIV
5588,9
5590,TRIV
5592,TRIV
5594,TRIV
5596,9
5598,TRIV
5600,TRIV
5602,5
5604,TRIV
5606,41
5608,TRIV
5610,TRIV
5612,4
5614,14
5616,TRIV
5618,4
5620,TRIV
5622,TRIV
5624,5
5626,13
5628,TRIV
5630,TRIV
5632,5
5634,TRIV
5636,TRIV
5638,4
5640,TRIV
5642,4
5644,7
5646,TRIV
5648,11
5650,TRIV
5652,TRIV
5654,4
5656,5
5658,TRIV
5660,TRIV
5662,4
5664,TRIV
5666,4
5668,5
5670,TRIV
5672,4
5674,7
5676,TRIV
5678,TRIV
5680,TRIV
5682,TRIV
5684,5
5686,4
5688,TRIV
5690,TRIV
5692,TRIV
5694,TRIV
5696,5
5698,4
5700,TRIV
5702,8
5704,7
5706,TRIV
5708,4
5710,TRIV
5712,TRIV
5714,6
5716,4
5718,TRIV
5720,TRIV
5722,6
5724,TRIV
5726,9
5728,5
5730,TRIV
5732,4
5734,TRIV
5736,TRIV
5738,4
5740,TRIV
5742,TRIV
5744,5
5746,4
5748,TRIV
5750,TRIV
5752,6
5754,TRIV
5756,5
5758,4
5760,TRIV
5762,TRIV
5764,5
5766,TRIV
5768,7
5770,TRIV
5772,TRIV
5774,4
5776,TRIV
5778,TRIV
5780,TRIV
5782,4
5784,TRIV
5786,4
5788,5
5790,TRIV
5792,5
5794,6
5796,TRIV
5798,51
5800,TRIV
5802,TRIV
5804,TRIV
5806,4
5808,TRIV
5810,TRIV
5812,10
5814,TRIV
5816,4
5818,TRIV
5820,TRIV
5822,11
5824,9
5826,TRIV
5828,4
5830,TRIV
5832,TRIV
5834,9
5836,4
5838,TRIV
5840,TRIV
5842,6
5844,TRIV
5846,TRIV
5848,4
5850,TRIV
5852,4
5854,4
5856,TRIV
5858,12
5860,TRIV
5862,TRIV
5864,6
5866,6
5868,TRIV
5870,TRIV
5872,4
5874,TRIV
5876,5
5878,5
5880,TRIV
5882,10
5884,4
5886,TRIV
5888,TRIV
5890,TRIV
5892,TRIV
5894,19
5896,4
5898,TRIV
5900,TRIV
5902,TRIV
5904,TRIV
5906,7
5908,6
5910,TRIV
5912,5
5914,4
5916,TRIV
5918,9
5920,TRIV
5922,TRIV
5924,4
5926,4
5928,TRIV
5930,TRIV
5932,8
5934,TRIV
5936,5
5938,4
5940,TRIV
5942,4
5944,TRIV
5946,TRIV
5948,5
5950,TRIV
5952,TRIV
5954,5
5956,9
5958,TRIV
5960,TRIV
5962,6
5964,TRIV
5966,5
5968,4
5970,TRIV
5972,TRIV
5974,4
5976,TRIV
5978,4
5980,TRIV
5982,TRIV
5984,4
5986,TRIV
5988,TRIV
5990,TRIV
5992,4
5994,TRIV
5996,14
5998,6
6000,TRIV
6002,4
6004,4
6006,TRIV
6008,4
6010,TRIV
6012,TRIV
6014,TRIV
6016,7
6018,TRIV
6020,TRIV
6022,5
6024,TRIV
6026,19
6028,TRIV
6030,TRIV
6032,8
6034,5
6036,TRIV
6038,4
6040,TRIV
6042,TRIV
6044,10
6046,4
6048,TRIV
6050,TRIV
6052,24
6054,TRIV
6056,TRIV
6058,10
6060,TRIV
6062,4
6064,6
6066,TRIV
6068,5
6070,TRIV
6072,TRIV
6074,8
6076,4
6078,TRIV
6080,TRIV
6082,4
6084,TRIV
6086,6
6088,4
6090,TRIV
6092,4
6094,4
6096,TRIV
6098,TRIV
6100,TRIV
6102,TRIV
6104,6
6106,4
6108,TRIV
6110,TRIV
6112,TRIV
6114,TRIV
6116,31
6118,4
6120,TRIV
6122,17
6124,4
6126,TRIV
6128,4
6130,TRIV
6132,TRIV
6134,4
6136,22
6138,TRIV
6140,TRIV
6142,4
6144,TRIV
6146,5
6148,10
6150,TRIV
6152,6
6154,TRIV
6156,TRIV
6158,6
6160,TRIV
6162,TRIV
6164,8
6166,6
6168,TRIV
6170,TRIV
6172,4
6174,TRIV
6176,4
6178,5
6180,TRIV
6182,TRIV
6184,5
6186,TRIV
6188,5
6190,TRIV
6192,TRIV
6194,6
6196,TRIV
6198,TRIV
6200,TRIV
6202,9
6204,TRIV
6206,7
6208,4
6210,TRIV
6212,10
6214,5
6216,TRIV
6218,16
6220,TRIV
6222,TRIV
6224,TRIV
6226,9
6228,TRIV
6230,TRIV
6232,5
6234,TRIV
6236,4
6238,TRIV
6240,TRIV
6242,4
6244,4
6246,TRIV
6248,5
6250,TRIV
6252,TRIV
6254,4
6256,17
6258,TRIV
6260,TRIV
6262,15
6264,TRIV
6266,TRIV
6268,4
6270,TRIV
6272,7
6274,4
6276,TRIV
6278,7
6280,TRIV
6282,TRIV
6284,5
6286,8
6288,TRIV
6290,TRIV
6292,16
6294,TRIV
6296,5
6298,32
6300,TRIV
6302,114
6304,8
6306,TRIV
6308,TRIV
6310,TRIV
6312,TRIV
6314,9
6316,6
6318,TRIV
6320,TRIV
6322,TRIV
6324,TRIV
6326,6
6328,6
6330,TRIV
6332,4
6334,6
6336,TRIV
6338,20
6340,TRIV
6342,TRIV
6344,4
6346,4
6348,TRIV
6350,TRIV
6352,4
6354,TRIV
6356,4
6358,4
6360,TRIV
6362,4
6364,TRIV
6366,TRIV
6368,4
6370,TRIV
6372,TRIV
6374,5
6376,4
6378,TRIV
6380,TRIV
6382,5
6384,TRIV
6386,7
6388,11
6390,TRIV
6392,TRIV
6394,6
6396,TRIV
6398,5
6400,TRIV
6402,TRIV
6404,4
6406,TRIV
6408,TRIV
6410,TRIV
6412,6
6414,TRIV
6416,6
6418,4
6420,TRIV
6422,4
6424,4
6426,TRIV
6428,33
6430,TRIV
6432,TRIV
6434,TRIV
6436,4
6438,TRIV
6440,TRIV
6442,5
6444,TRIV
6446,4
6448,TRIV
6450,TRIV
6452,21
6454,4
6456,TRIV
6458,6
6460,TRIV
6462,TRIV
6464,5
6466,4
6468,TRIV
6470,TRIV
6472,5
6474,TRIV
6476,TRIV
6478,21
6480,TRIV
6482,6
6484,5
6486,TRIV
6488,25
6490,TRIV
6492,TRIV
6494,4
6496,4
6498,TRIV
6500,TRIV
6502,4
6504,TRIV
6506,4
6508,5
6510,TRIV
6512,9
6514,4
6516,TRIV
6518,TRIV
6520,TRIV
6522,TRIV
6524,4
6526,12
6528,TRIV
6530,TRIV
6532,TRIV
6534,TRIV
6536,4
6538,4
6540,TRIV
6542,5
6544,5
6546,TRIV
6548,10
6550,TRIV
6552,TRIV
6554,4
6556,5
6558,TRIV
6560,TRIV
6562,11
6564,TRIV
6566,4
6568,8
6570,TRIV
6572,4
6574,TRIV
6576,TRIV
6578,5
6580,TRIV
6582,TRIV
6584,4
6586,5
6588,TRIV
6590,TRIV
6592,7
6594,TRIV
6596,4
6598,4
6600,TRIV
6602,TRIV
6604,4
6606,TRIV
6608,4
6610,TRIV
6612,TRIV
6614,11
6616,TRIV
6618,TRIV
6620,TRIV
6622,7
6624,TRIV
6626,25
6628,4
6630,TRIV
6632,6
6634,4
6636,TRIV
6638,4
6640,TRIV
6642,TRIV
6644,TRIV
6646,7
6648,TRIV
6650,TRIV
6652,4
6654,TRIV
6656,4
6658,TRIV
6660,TRIV
6662,4
6664,4
6666,TRIV
6668,5
6670,TRIV
6672,TRIV
6674,4
6676,5
6678,TRIV
6680,TRIV
6682,4
6684,TRIV
6686,TRIV
6688,13
6690,TRIV
6692,4
6694,5
6696,TRIV
6698,11
6700,TRIV
6702,TRIV
6704,11
6706,22
6708,TRIV
6710,TRIV
6712,4
6714,TRIV
6716,10
6718,9
6720,TRIV
6722,7
6724,5
6726,TRIV
6728,TRIV
6730,TRIV
6732,TRIV
6734,4
6736,4
6738,TRIV
6740,TRIV
6742,TRIV
6744,TRIV
6746,8
6748,5
6750,TRIV
6752,24
6754,7
6756,TRIV
6758,4
6760,TRIV
6762,TRIV
6764,7
6766,21
6768,TRIV
6770,TRIV
6772,4
6774,TRIV
6776,6
6778,6
6780,TRIV
6782,5
6784,TRIV
6786,TRIV
6788,7
6790,TRIV
6792,TRIV
6794,5
6796,9
6798,TRIV
6800,TRIV
6802,10
6804,TRIV
6806,5
6808,9
6810,TRIV
6812,TRIV
6814,16
6816,TRIV
6818,6
6820,TRIV
6822,TRIV
6824,4
6826,TRIV
6828,TRIV
6830,TRIV
6832,4
6834,TRIV
6836,4
6838,4
6840,TRIV
6842,4
6844,4
6846,TRIV
6848,4
6850,TRIV
6852,TRIV
6854,TRIV
6856,5
6858,TRIV
6860,TRIV
6862,5
6864,TRIV
6866,4
6868,TRIV
6870,TRIV
6872,4
6874,6
6876,TRIV
6878,8
6880,TRIV
6882,TRIV
6884,79
6886,5
6888,TRIV
6890,TRIV
6892,5
6894,TRIV
6896,TRIV
6898,11
6900,TRIV
6902,35
6904,4
6906,TRIV
6908,4
6910,TRIV
6912,TRIV
6914,4
6916,5
6918,TRIV
6920,TRIV
6922,6
6924,TRIV
6926,5
6928,5
6930,TRIV
6932,8
6934,4
6936,TRIV
6938,TRIV
6940,TRIV
6942,TRIV
6944,5
6946,9
6948,TRIV
6950,TRIV
6952,TRIV
6954,TRIV
6956,4
6958,8
6960,TRIV
6962,5
6964,4
6966,TRIV
6968,6
6970,TRIV
6972,TRIV
6974,4
6976,4
6978,TRIV
6980,TRIV
6982,8
6984,TRIV
6986,6
6988,25
6990,TRIV
6992,4
6994,TRIV
6996,TRIV
6998,4
7000,TRIV
7002,TRIV
7004,6
7006,8
7008,TRIV
7010,TRIV
7012,4
7014,TRIV
7016,4
7018,4
7020,TRIV
7022,TRIV
7024,5
7026,TRIV
7028,4
7030,TRIV
7032,TRIV
7034,4
7036,TRIV
7038,TRIV
7040,TRIV
7042,7
7044,TRIV
7046,4
7048,4
7050,TRIV
7052,4
7054,6
7056,TRIV
7058,7
7060,TRIV
7062,TRIV
7064,TRIV
7066,7
7068,TRIV
7070,TRIV
7072,5
7074,TRIV
7076,5
7078,TRIV
7080,TRIV
7082,4
7084,4
7086,TRIV
7088,5
7090,TRIV
7092,TRIV
7094,5
7096,6
7098,TRIV
7100,TRIV
7102,5
7104,TRIV
7106,TRIV
7108,4
7110,TRIV
7112,5
7114,6
7116,TRIV
7118,8
7120,TRIV
7122,TRIV
7124,5
7126,4
7128,TRIV
7130,TRIV
7132,7
7134,TRIV
7136,10
7138,4
7140,TRIV
7142,6
7144,4
7146,TRIV
7148,TRIV
7150,TRIV
7152,TRIV
7154,8
7156,7
7158,TRIV
7160,TRIV
7162,TRIV
7164,TRIV
7166,9
7168,4
7170,TRIV
7172,5
7174,4
7176,TRIV
7178,5
7180,TRIV
7182,TRIV
7184,4
7186,5
7188,TRIV
7190,TRIV
7192,5
7194,TRIV
7196,9
7198,4
7200,TRIV
7202,6
7204,TRIV
7206,TRIV
7208,7
7210,TRIV
7212,TRIV
7214,4
7216,10
7218,TRIV
7220,TRIV
7222,4
7224,TRIV
7226,4
7228,4
7230,TRIV
7232,TRIV
7234,4
7236,TRIV
7238,5
7240,TRIV
7242,TRIV
7244,10
7246,TRIV
7248,TRIV
7250,TRIV
7252,10
7254,TRIV
7256,9
7258,5
7260,TRIV
7262,7
7264,5
7266,TRIV
7268,5
7270,TRIV
7272,TRIV
7274,TRIV
7276,6
7278,TRIV
7280,TRIV
7282,5
7284,TRIV
7286,7
7288,TRIV
7290,TRIV
7292,5
7294,4
7296,TRIV
7298,8
7300,TRIV
7302,TRIV
7304,4
7306,4
7308,TRIV
7310,TRIV
7312,4
7314,TRIV
7316,TRIV
7318,38
7320,TRIV
7322,5
7324,11
7326,TRIV
7328,15
7330,TRIV
7332,TRIV
7334,4
7336,6
7338,TRIV
7340,TRIV
7342,4
7344,TRIV
7346,6
7348,11
7350,TRIV
7352,5
7354,4
7356,TRIV
7358,TRIV
7360,TRIV
7362,TRIV
7364,4
7366,5
7368,TRIV
7370,TRIV
7372,TRIV
7374,TRIV
7376,18
7378,5
7380,TRIV
7382,6
7384,7
7386,TRIV
7388,4
7390,TRIV
7392,TRIV
7394,23
7396,33
7398,TRIV
7400,TRIV
7402,4
7404,TRIV
7406,5
7408,8
7410,TRIV
7412,6
7414,TRIV
7416,TRIV
7418,4
7420,TRIV
7422,TRIV
7424,4
7426,7
7428,TRIV
7430,TRIV
7432,5
7434,TRIV
7436,4
7438,7
7440,TRIV
7442,TRIV
7444,16
7446,TRIV
7448,4
7450,TRIV
7452,TRIV
7454,5
7456,TRIV
7458,TRIV
7460,TRIV
7462,5
7464,TRIV
7466,4
7468,6
7470,TRIV
7472,16
7474,4
7476,TRIV
7478,30
7480,TRIV
7482,TRIV
7484,TRIV
7486,6
7488,TRIV
7490,TRIV
7492,4
7494,TRIV
7496,5
7498,TRIV
7500,TRIV
7502,6
7504,5
7506,TRIV
7508,4
7510,TRIV
7512,TRIV
7514,6
7516,8
7518,TRIV
7520,TRIV
7522,4
7524,TRIV
7526,TRIV
7528,18
7530,TRIV
7532,4
7534,5
7536,TRIV
7538,12
7540,TRIV
7542,TRIV
7544,12
7546,6
7548,TRIV
7550,TRIV
7552,5
7554,TRIV
7556,6
7558,4
7560,TRIV
7562,4
7564,9
7566,TRIV
7568,TRIV
7570,TRIV
7572,TRIV
7574,4
7576,4
7578,TRIV
7580,TRIV
7582,TRIV
7584,TRIV
7586,6
7588,4
7590,TRIV
7592,7
7594,9
7596,TRIV
7598,9
7600,TRIV
7602,TRIV
7604,8
7606,4
7608,TRIV
7610,TRIV
7612,4
7614,TRIV
7616,5
7618,6
7620,TRIV
7622,4
7624,TRIV
7626,TRIV
7628,5
7630,TRIV
7632,TRIV
7634,6
7636,4
7638,TRIV
7640,TRIV
7642,8
7644,TRIV
7646,4
7648,5
7650,TRIV
7652,TRIV
7654,9
7656,TRIV
7658,4
7660,TRIV
7662,TRIV
7664,4
7666,TRIV
7668,TRIV
7670,TRIV
7672,4
7674,TRIV
7676,6
7678,9
7680,TRIV
7682,4
7684,5
7686,TRIV
7688,4
7690,TRIV
7692,TRIV
7694,TRIV
7696,4
7698,TRIV
7700,TRIV
7702,4
7704,TRIV
7706,5
7708,TRIV
7710,TRIV
7712,8
7714,5
7716,TRIV
7718,11
7720,TRIV
7722,TRIV
7724,4
7726,4
7728,TRIV
7730,TRIV
7732,5
7734,TRIV
7736,TRIV
7738,5
7740,TRIV
7742,5
7744,5
7746,TRIV
7748,5
7750,TRIV
7752,TRIV
7754,11
7756,11
7758,TRIV
7760,TRIV
7762,4
7764,TRIV
7766,4
7768,8
7770,TRIV
7772,4
7774,6
7776,TRIV
7778,TRIV
7780,TRIV
7782,TRIV
7784,4
7786,4
7788,TRIV
7790,TRIV
7792,TRIV
7794,TRIV
7796,4
7798,6
7800,TRIV
7802,6
7804,4
7806,TRIV
7808,5
7810,TRIV
7812,TRIV
7814,7
7816,43
7818,TRIV
7820,TRIV
7822,6
7824,TRIV
7826,5
7828,4
7830,TRIV
7832,4
7834,TRIV
7836,TRIV
7838,4
7840,TRIV
7842,TRIV
7844,6
7846,5
7848,TRIV
7850,TRIV
7852,4
7854,TRIV
7856,7
7858,4
7860,TRIV
7862,TRIV
7864,8
7866,TRIV
7868,7
7870,TRIV
7872,TRIV
7874,4
7876,TRIV
7878,TRIV
7880,TRIV
7882,4
7884,TRIV
7886,6
7888,4
7890,TRIV
7892,6
7894,5
7896,TRIV
7898,4
7900,TRIV
7902,TRIV
7904,TRIV
7906,4
7908,TRIV
7910,TRIV
7912,5
7914,TRIV
7916,4
7918,TRIV
7920,TRIV
7922,4
7924,4
7926,TRIV
7928,4
7930,TRIV
7932,TRIV
7934,17
7936,4
7938,TRIV
7940,TRIV
7942,4
7944,TRIV
7946,TRIV
7948,4
7950,TRIV
7952,5
7954,13
7956,TRIV
7958,4
7960,TRIV
7962,TRIV
7964,5
7966,7
7968,TRIV
7970,TRIV
7972,7
7974,TRIV
7976,4
7978,6
7980,TRIV
7982,4
7984,4
7986,TRIV
7988,TRIV
7990,TRIV
7992,TRIV
7994,12
7996,5
7998,TRIV
8000,TRIV
8002,TRIV
8004,TRIV
8006,9
8008,5
8010,TRIV
8012,5
8014,4
8016,TRIV
8018,5
8020,TRIV
8022,TRIV
8024,5
8026,23
8028,TRIV
8030,TRIV
8032,5
8034,TRIV
8036,4
8038,10
8040,TRIV
8042,9
8044,TRIV
8046,TRIV
8048,4
8050,TRIV
8052,TRIV
8054,4
8056,4
8058,TRIV
8060,TRIV
8062,7
8064,TRIV
8066,6
8068,4
8070,TRIV
8072,TRIV
8074,5
8076,TRIV
8078,5
8080,TRIV
8082,TRIV
8084,5
8086,TRIV
8088,TRIV
8090,TRIV
8092,4
8094,TRIV
8096,9
8098,5
8100,TRIV
8102,5
8104,6
8106,TRIV
8108,9
8110,TRIV
8112,TRIV
8114,TRIV
8116,4
8118,TRIV
8120,TRIV
8122,17
8124,TRIV
8126,4
8128,TRIV
8130,TRIV
8132,7
8134,4
8136,TRIV
8138,4
8140,TRIV
8142,TRIV
8144,7
8146,16
8148,TRIV
8150,TRIV
8152,4
8154,TRIV
8156,TRIV
8158,4
8160,TRIV
8162,4
8164,4
8166,TRIV
8168,4
8170,TRIV
8172,TRIV
8174,4
8176,5
8178,TRIV
8180,TRIV
8182,4
8184,TRIV
8186,5
8188,4
8190,TRIV
8192,4
8194,5
8196,TRIV
8198,TRIV
8200,TRIV
8202,TRIV
8204,61
8206,6
8208,TRIV
8210,TRIV
8212,TRIV
8214,TRIV
8216,4
8218,4
8220,TRIV
8222,4
8224,5
8226,TRIV
8228,4
8230,TRIV
8232,TRIV
8234,4
8236,5
8238,TRIV
8240,TRIV
8242,5
8244,TRIV
8246,4
8248,47
8250,TRIV
8252,4
8254,TRIV
8256,TRIV
8258,11
8260,TRIV
8262,TRIV
8264,6
8266,4
8268,TRIV
8270,TRIV
8272,5
8274,TRIV
8276,4
8278,198
8280,TRIV
8282,TRIV
8284,6
8286,TRIV
8288,4
8290,TRIV
8292,TRIV
8294,4
8296,TRIV
8298,TRIV
8300,TRIV
8302,4
8304,TRIV
8306,12
8308,6
8310,TRIV
8312,16
8314,5
8316,TRIV
8318,4
8320,TRIV
8322,TRIV
8324,TRIV
8326,4
8328,TRIV
8330,TRIV
8332,4
8334,TRIV
8336,7
8338,TRIV
8340,TRIV
8342,4
8344,4
8346,TRIV
8348,5
8350,TRIV
8352,TRIV
8354,5
8356,6
8358,TRIV
8360,TRIV
8362,12
8364,TRIV
8366,TRIV
8368,4
8370,TRIV
8372,6
8374,5
8376,TRIV
8378,8
8380,TRIV
8382,TRIV
8384,7
8386,4
8388,TRIV
8390,TRIV
8392,5
8394,TRIV
8396,80
8398,4
8400,TRIV
8402,4
8404,4
8406,TRIV
8408,TRIV
8410,TRIV
8412,TRIV
8414,5
8416,4
8418,TRIV
8420,TRIV
8422,TRIV
8424,TRIV
8426,16
8428,4
8430,TRIV
8432,4
8434,9
8436,TRIV
8438,4
8440,TRIV
8442,TRIV
8444,4
8446,4
8448,TRIV
8450,TRIV
8452,12
8454,TRIV
8456,4
8458,5
8460,TRIV
8462,10
8464,TRIV
8466,TRIV
8468,4
8470,TRIV
8472,TRIV
8474,9
8476,6
8478,TRIV
8480,TRIV
8482,19
8484,TRIV
8486,4
8488,11
8490,TRIV
8492,TRIV
8494,4
8496,TRIV
8498,10
8500,TRIV
8502,TRIV
8504,21
8506,TRIV
8508,TRIV
8510,TRIV
8512,5
8514,TRIV
8516,6
8518,5
8520,TRIV
8522,5
8524,4
8526,TRIV
8528,7
8530,TRIV
8532,TRIV
8534,TRIV
8536,4
8538,TRIV
8540,TRIV
8542,4
8544,TRIV
8546,5
8548,TRIV
8550,TRIV
8552,4
8554,4
8556,TRIV
8558,5
8560,TRIV
8562,TRIV
8564,4
8566,5
8568,TRIV
8570,TRIV
8572,5
8574,TRIV
8576,TRIV
8578,5
8580,TRIV
8582,4
8584,5
8586,TRIV
8588,5
8590,TRIV
8592,TRIV
8594,6
8596,13
8598,TRIV
8600,TRIV
8602,4
8604,TRIV
8606,4
8608,4
8610,TRIV
8612,4
8614,6
8616,TRIV
8618,TRIV
8620,TRIV
8622,TRIV
8624,7
8626,4
8628,TRIV
8630,TRIV
8632,TRIV
8634,TRIV
8636,6
8638,8
8640,TRIV
8642,4
8644,4
8646,TRIV
8648,7
8650,TRIV
8652,TRIV
8654,5
8656,4
8658,TRIV
8660,TRIV
8662,5
8664,TRIV
8666,4
8668,4
8670,TRIV
8672,4
8674,TRIV
8676,TRIV
8678,4
8680,TRIV
8682,TRIV
8684,4
8686,9
8688,TRIV
8690,TRIV
8692,29
8694,TRIV
8696,5
8698,4
8700,TRIV
8702,TRIV
8704,6
8706,TRIV
8708,5
8710,TRIV
8712,TRIV
8714,4
8716,TRIV
8718,TRIV
8720,TRIV
8722,4
8724,TRIV
8726,6
8728,4
8730,TRIV
8732,4
8734,5
8736,TRIV
8738,4
8740,TRIV
8742,TRIV
8744,TRIV
8746,4
8748,TRIV
8750,TRIV
8752,9
8754,TRIV
8756,6
8758,TRIV
8760,TRIV
8762,4
8764,6
8766,TRIV
8768,19
8770,TRIV
8772,TRIV
8774,4
8776,4
8778,TRIV
8780,TRIV
8782,4
8784,TRIV
8786,TRIV
8788,6
8790,TRIV
8792,7
8794,6
8796,TRIV
8798,6
8800,TRIV
8802,TRIV
8804,5
8806,8
8808,TRIV
8810,TRIV
8812,4
8814,TRIV
8816,4
8818,15
8820,TRIV
8822,5
8824,4
8826,TRIV
8828,TRIV
8830,TRIV
8832,TRIV
8834,8
8836,7
8838,TRIV
8840,TRIV
8842,TRIV
8844,TRIV
8846,12
8848,4
8850,TRIV
8852,9
8854,4
8856,TRIV
8858,5
8860,TRIV
8862,TRIV
8864,4
8866,4
8868,TRIV
8870,TRIV
8872,6
8874,TRIV
8876,107
8878,11
8880,TRIV
8882,11
8884,TRIV
8886,TRIV
8888,4
8890,TRIV
8892,TRIV
8894,6
8896,4
8898,TRIV
8900,TRIV
8902,5
8904,TRIV
8906,4
8908,7
8910,TRIV
8912,TRIV
8914,10
8916,TRIV
8918,5
8920,TRIV
8922,TRIV
8924,18
8926,TRIV
8928,TRIV
8930,TRIV
8932,6
8934,TRIV
8936,27
8938,4
8940,TRIV
8942,11
8944,4
8946,TRIV
8948,11
8950,TRIV
8952,TRIV
8954,TRIV
8956,4
8958,TRIV
8960,TRIV
8962,5
8964,TRIV
8966,4
8968,TRIV
8970,TRIV
8972,9
8974,4
8976,TRIV
8978,4
8980,TRIV
8982,TRIV
8984,4
8986,7
8988,TRIV
8990,TRIV
8992,5
8994,TRIV
8996,TRIV
8998,4
9000,TRIV
9002,7
9004,4
9006,TRIV
9008,4
9010,TRIV
9012,TRIV
9014,4
9016,4
9018,TRIV
9020,TRIV
9022,4
9024,TRIV
9026,11
9028,4
9030,TRIV
9032,4
9034,7
9036,TRIV
9038,TRIV
9040,TRIV
9042,TRIV
9044,6
9046,4
9048,TRIV
9050,TRIV
9052,TRIV
9054,TRIV
9056,7
9058,9
9060,TRIV
9062,5
9064,5
9066,TRIV
9068,7
9070,TRIV
9072,TRIV
9074,8
9076,4
9078,TRIV
9080,TRIV
9082,4
9084,TRIV
9086,4
9088,5
9090,TRIV
9092,26
9094,TRIV
9096,TRIV
9098,17
9100,TRIV
9102,TRIV
9104,4
9106,4
9108,TRIV
9110,TRIV
9112,4
9114,TRIV
9116,8
9118,4
9120,TRIV
9122,TRIV
9124,8
9126,TRIV
9128,9
9130,TRIV
9132,TRIV
9134,4
9136,TRIV
9138,TRIV
9140,TRIV
9142,12
9144,TRIV
9146,4
9148,16
9150,TRIV
9152,5
9154,6
9156,TRIV
9158,4
9160,TRIV
9162,TRIV
9164,TRIV
9166,5
9168,TRIV
9170,TRIV
9172,4
9174,TRIV
9176,8
9178,TRIV
9180,TRIV
9182,4
9184,24
9186,TRIV
9188,25
9190,TRIV
9192,TRIV
9194,6
9196,5
9198,TRIV
9200,TRIV
9202,5
9204,TRIV
9206,TRIV
9208,7
9210,TRIV
9212,4
9214,4
9216,TRIV
9218,5
9220,TRIV
9222,TRIV
9224,5
9226,4
9228,TRIV
9230,TRIV
9232,6
9234,TRIV
9236,4
9238,4
9240,TRIV
9242,5
9244,4
9246,TRIV
9248,TRIV
9250,TRIV
9252,TRIV
9254,5
9256,5
9258,TRIV
9260,TRIV
9262,TRIV
9264,TRIV
9266,23
9268,4
9270,TRIV
9272,6
9274,4
9276,TRIV
9278,5
9280,TRIV
9282,TRIV
9284,4
9286,13
9288,TRIV
9290,TRIV
9292,4
9294,TRIV
9296,6
9298,5
9300,TRIV
9302,8
9304,TRIV
9306,TRIV
9308,6
9310,TRIV
9312,TRIV
9314,12
9316,5
9318,TRIV
9320,TRIV
9322,6
9324,TRIV
9326,4
9328,7
9330,TRIV
9332,TRIV
9334,14
9336,TRIV
9338,5
9340,TRIV
9342,TRIV
9344,4
9346,TRIV
9348,TRIV
9350,TRIV
9352,14
9354,TRIV
9356,4
9358,12
9360,TRIV
9362,4
9364,6
9366,TRIV
9368,4
9370,TRIV
9372,TRIV
9374,TRIV
9376,10
9378,TRIV
9380,TRIV
9382,4
9384,TRIV
9386,8
9388,TRIV
9390,TRIV
9392,4
9394,4
9396,TRIV
9398,4
9400,TRIV
9402,TRIV
9404,4
9406,6
9408,TRIV
9410,TRIV
9412,4
9414,TRIV
9416,TRIV
9418,16
9420,TRIV
9422,4
9424,4
9426,TRIV
9428,7
9430,TRIV
9432,TRIV
9434,5
9436,4
9438,TRIV
9440,TRIV
9442,4
9444,TRIV
9446,4
9448,4
9450,TRIV
9452,5
9454,23
9456,TRIV
9458,TRIV
9460,TRIV
9462,TRIV
9464,4
9466,5
9468,TRIV
9470,TRIV
9472,TRIV
9474,TRIV
9476,4
9478,6
9480,TRIV
9482,4
9484,4
9486,TRIV
9488,8
9490,TRIV
9492,TRIV
9494,4
9496,16
9498,TRIV
9500,TRIV
9502,7
9504,TRIV
9506,6
9508,4
9510,TRIV
9512,4
9514,TRIV
9516,TRIV
9518,11
9520,TRIV
9522,TRIV
9524,5
9526,23
9528,TRIV
9530,TRIV
9532,5
9534,TRIV
9536,16
9538,11
9540,TRIV
9542,TRIV
9544,4
9546,TRIV
9548,4
9550,TRIV
9552,TRIV
9554,7
9556,TRIV
9558,TRIV
9560,TRIV
9562,6
9564,TRIV
9566,5
9568,4
9570,TRIV
9572,5
9574,4
9576,TRIV
9578,4
9580,TRIV
9582,TRIV
9584,TRIV
9586,4
9588,TRIV
9590,TRIV
9592,6
9594,TRIV
9596,5
9598,TRIV
9600,TRIV
9602,4
9604,7
9606,TRIV
9608,4
9610,TRIV
9612,TRIV
9614,4
9616,16
9618,TRIV
9620,TRIV
9622,7
9624,TRIV
9626,TRIV
9628,5
9630,TRIV
9632,4
9634,5
9636,TRIV
9638,16
9640,TRIV
9642,TRIV
9644,14
9646,5
9648,TRIV
9650,TRIV
9652,4
9654,TRIV
9656,6
9658,12
9660,TRIV
9662,8
9664,4
9666,TRIV
9668,TRIV
9670,TRIV
9672,TRIV
9674,5
9676,4
9678,TRIV
9680,TRIV
9682,TRIV
9684,TRIV
9686,4
9688,10
9690,TRIV
9692,4
9694,6
9696,TRIV
9698,4
9700,TRIV
9702,TRIV
9704,6
9706,8
9708,TRIV
9710,TRIV
9712,98
9714,TRIV
9716,5
9718,6
9720,TRIV
9722,4
9724,TRIV
9726,TRIV
9728,4
9730,TRIV
9732,TRIV
9734,5
9736,7
9738,TRIV
9740,TRIV
9742,4
9744,TRIV
9746,4
9748,8
9750,TRIV
9752,TRIV
9754,21
9756,TRIV
9758,4
9760,TRIV
9762,TRIV
9764,6
9766,TRIV
9768,TRIV
9770,TRIV
9772,4
9774,TRIV
9776,4
9778,4
9780,TRIV
9782,6
9784,4
9786,TRIV
9788,5
9790,TRIV
9792,TRIV
9794,TRIV
9796,4
9798,TRIV
9800,TRIV
9802,4
9804,TRIV
9806,4
9808,TRIV
9810,TRIV
9812,4
9814,7
9816,TRIV
9818,5
9820,TRIV
9822,TRIV
9824,4
9826,23
9828,TRIV
9830,TRIV
9832,5
9834,TRIV
9836,TRIV
9838,4
9840,TRIV
9842,6
9844,9
9846,TRIV
9848,46
9850,TRIV
9852,TRIV
9854,4
9856,7
9858,TRIV
9860,TRIV
9862,4
9864,TRIV
9866,4
9868,6
9870,TRIV
9872,8
9874,4
9876,TRIV
9878,TRIV
9880,TRIV
9882,TRIV
9884,6
9886,4
9888,TRIV
9890,TRIV
9892,TRIV
9894,TRIV
9896,6
9898,15
9900,TRIV
9902,6
9904,5
9906,TRIV
9908,5
9910,TRIV
9912,TRIV
9914,5
9916,4
9918,TRIV
9920,TRIV
9922,5
9924,TRIV
9926,4
9928,4
9930,TRIV
9932,4
9934,TRIV
9936,TRIV
9938,9
9940,TRIV
9942,TRIV
9944,5
9946,5
9948,TRIV
9950,TRIV
9952,5
9954,TRIV
9956,6
9958,17
9960,TRIV
9962,TRIV
9964,12
9966,TRIV
9968,9
9970,TRIV
9972,TRIV
9974,5
9976,TRIV
9978,TRIV
9980,TRIV
9982,5
9984,TRIV
9986,4
9988,4
9990,TRIV
9992,5
9994,7
9996,TRIV
9998,4
10000,TRIV