2,1
4,TRIV
6,2
8,2
10,TRIV
12,2
14,TRIV
16,TRIV
18,2
20,2
22,TRIV
24,4
26,2
28,TRIV
30,2
32,2
34,TRIV
36,2
38,2
40,TRIV
42,TRIV
44,2
46,TRIV
48,5
50,3
52,TRIV
54,4
56,TRIV
58,TRIV
60,3
62,3
64,TRIV
66,3
68,4
70,TRIV
72,3
74,3
76,TRIV
78,5
80,3
82,TRIV
84,TRIV
86,3
88,TRIV
90,4
92,3
94,TRIV
96,7
98,TRIV
100,TRIV
102,3
104,3
106,TRIV
108,4
110,3
112,TRIV
114,3
116,3
118,TRIV
120,3
122,7
124,TRIV
126,TRIV
128,4
130,TRIV
132,3
134,4
136,TRIV
138,6
140,TRIV
142,TRIV
144,3
146,3
148,TRIV
150,3
152,3
154,TRIV
156,5
158,4
160,TRIV
162,3
164,3
166,TRIV
168,TRIV
170,3
172,TRIV
174,5
176,3
178,TRIV
180,3
182,TRIV
184,TRIV
186,3
188,4
190,TRIV
192,3
194,3
196,TRIV
198,4
200,5
202,TRIV
204,3
206,3
208,TRIV
210,TRIV
212,3
214,TRIV
216,3
218,6
220,TRIV
222,4
224,TRIV
226,TRIV
228,14
230,3
232,TRIV
234,3
236,3
238,TRIV
240,3
242,3
244,TRIV
246,3
248,4
250,TRIV
252,TRIV
254,3
256,TRIV
258,4
260,3
262,TRIV
264,3
266,TRIV
268,TRIV
270,3
272,3
274,TRIV
276,3
278,5
280,TRIV
282,3
284,3
286,TRIV
288,4
290,3
292,TRIV
294,TRIV
296,3
298,TRIV
300,3
302,3
304,TRIV
306,3
308,TRIV
310,TRIV
312,3
314,3
316,TRIV
318,4
320,3
322,TRIV
324,3
326,3
328,TRIV
330,3
332,3
334,TRIV
336,TRIV
338,3
340,TRIV
342,6
344,72
346,TRIV
348,4
350,TRIV
352,TRIV
354,5
356,5
358,TRIV
360,5
362,4
364,TRIV
366,7
368,6
370,TRIV
372,4
374,4
376,TRIV
378,TRIV
380,5
382,TRIV
384,4
386,5
388,TRIV
390,4
392,TRIV
394,TRIV
396,5
398,4
400,TRIV
402,4
404,4
406,TRIV
408,4
410,6
412,TRIV
414,4
416,7
418,TRIV
420,TRIV
422,4
424,TRIV
426,5
428,4
430,TRIV
432,12
434,TRIV
436,TRIV
438,5
440,6
442,TRIV
444,5
446,5
448,TRIV
450,4
452,4
454,TRIV
456,6
458,5
460,TRIV
462,TRIV
464,20
466,TRIV
468,4
470,4
472,TRIV
474,5
476,TRIV
478,TRIV
480,38
482,6
484,TRIV
486,6
488,4
490,TRIV
492,7
494,4
496,TRIV
498,8
500,4
502,TRIV
504,TRIV
506,5
508,TRIV
510,7
512,4
514,TRIV
516,6
518,TRIV
520,TRIV
522,4
524,4
526,TRIV
528,4
530,4
532,TRIV
534,4
536,13
538,TRIV
540,4
542,7
544,TRIV
546,TRIV
548,6
550,TRIV
552,8
554,4
556,TRIV
558,5
560,TRIV
562,TRIV
564,9
566,17
568,TRIV
570,4
572,7
574,TRIV
576,5
578,4
580,TRIV
582,11
584,5
586,TRIV
588,TRIV
590,4
592,TRIV
594,7
596,6
598,TRIV
600,4
602,TRIV
604,TRIV
606,6
608,6
610,TRIV
612,4
614,4
616,TRIV
618,4
620,5
622,TRIV
624,4
626,6
628,TRIV
630,TRIV
632,6
634,TRIV
636,7
638,9
640,TRIV
642,4
644,TRIV
646,TRIV
648,4
650,7
652,TRIV
654,4
656,6
658,TRIV
660,4
662,7
664,TRIV
666,5
668,4
670,TRIV
672,TRIV
674,9
676,TRIV
678,4
680,4
682,TRIV
684,8
686,TRIV
688,TRIV
690,6
692,4
694,TRIV
696,5
698,8
700,TRIV
702,4
704,4
706,TRIV
708,4
710,5
712,TRIV
714,TRIV
716,5
718,TRIV
720,5
722,6
724,TRIV
726,6
728,TRIV
730,TRIV
732,4
734,4
736,TRIV
738,4
740,5
742,TRIV
744,4
746,5
748,TRIV
750,5
752,7
754,TRIV
756,TRIV
758,26
760,TRIV
762,7
764,4
766,TRIV
768,6
770,TRIV
772,TRIV
774,4
776,9
778,TRIV
780,4
782,4
784,TRIV
786,9
788,4
790,TRIV
792,4
794,4
796,TRIV
798,TRIV
800,4
802,TRIV
804,4
806,5
808,TRIV
810,8
812,TRIV
814,TRIV
816,5
818,4
820,TRIV
822,4
824,9
826,TRIV
828,21
830,4
832,TRIV
834,4
836,5
838,TRIV
840,TRIV
842,4
844,TRIV
846,6
848,4
850,TRIV
852,4
854,TRIV
856,TRIV
858,4
860,6
862,TRIV
864,8
866,54
868,TRIV
870,4
872,7
874,TRIV
876,7
878,4
880,TRIV
882,TRIV
884,5
886,TRIV
888,5
890,4
892,TRIV
894,5
896,TRIV
898,TRIV
900,5
902,4
904,TRIV
906,5
908,4
910,TRIV
912,4
914,4
916,TRIV
918,4
920,4
922,TRIV
924,TRIV
926,5
928,TRIV
930,4
932,7
934,TRIV
936,7
938,TRIV
940,TRIV
942,4
944,7
946,TRIV
948,4
950,4
952,TRIV
954,4
956,7
958,TRIV
960,6
962,4
964,TRIV
966,TRIV
968,4
970,TRIV
972,4
974,4
976,TRIV
978,4
980,TRIV
982,TRIV
984,5
986,6
988,TRIV
990,5
992,4
994,TRIV
996,11
998,5
1000,TRIV
1002,4
1004,5
1006,TRIV
1008,TRIV
1010,5
1012,TRIV
1014,8
1016,5
1018,TRIV
1020,4
1022,TRIV
1024,TRIV
1026,7
1028,4
1030,TRIV
1032,19
1034,4
1036,TRIV
1038,13
1040,4
1042,TRIV
1044,11
1046,5
1048,TRIV
1050,TRIV
1052,12
1054,TRIV
1056,6
1058,5
1060,TRIV
1062,10
1064,TRIV
1066,TRIV
1068,5
1070,5
1072,TRIV
1074,4
1076,5
1078,TRIV
1080,4
1082,4
1084,TRIV
1086,26
1088,12
1090,TRIV
1092,TRIV
1094,4
1096,TRIV
1098,4
1100,4
1102,TRIV
1104,4
1106,TRIV
1108,TRIV
1110,4
1112,4
1114,TRIV
1116,6
1118,4
1120,TRIV
1122,4
1124,4
1126,TRIV
1128,5
1130,10
1132,TRIV
1134,TRIV
1136,5
1138,TRIV
1140,5
1142,4
1144,TRIV
1146,5
1148,TRIV
1150,TRIV
1152,4
1154,7
1156,TRIV
1158,5
1160,5
1162,TRIV
1164,4
1166,5
1168,TRIV
1170,4
1172,4
1174,TRIV
1176,TRIV
1178,4
1180,TRIV
1182,7
1184,4
1186,TRIV
1188,4
1190,TRIV
1192,TRIV
1194,15
1196,7
1198,TRIV
1200,4
1202,6
1204,TRIV
1206,5
1208,4
1210,TRIV
1212,6
1214,4
1216,TRIV
1218,TRIV
1220,4
1222,TRIV
1224,5
1226,5
1228,TRIV
1230,4
1232,TRIV
1234,TRIV
1236,25
1238,4
1240,TRIV
1242,11
1244,7
1246,TRIV
1248,4
1250,4
1252,TRIV
1254,11
1256,5
1258,TRIV
1260,TRIV
1262,6
1264,TRIV
1266,5
1268,6
1270,TRIV
1272,4
1274,TRIV
1276,TRIV
1278,4
1280,5
1282,TRIV
1284,4
1286,10
1288,TRIV
1290,6
1292,4
1294,TRIV
1296,5
1298,4
1300,TRIV
1302,TRIV
1304,4
1306,TRIV
1308,4
1310,4
1312,TRIV
1314,4
1316,TRIV
1318,TRIV
1320,6
1322,7
1324,TRIV
1326,11
1328,12
1330,TRIV
1332,4
1334,5
1336,TRIV
1338,4
1340,4
1342,TRIV
1344,TRIV
1346,5
1348,TRIV
1350,4
1352,4
1354,TRIV
1356,5
1358,TRIV
1360,TRIV
1362,4
1364,5
1366,TRIV
1368,4
1370,4
1372,TRIV
1374,7
1376,6
1378,TRIV
1380,4
1382,4
1384,TRIV
1386,TRIV
1388,4
1390,TRIV
1392,4
1394,5
1396,TRIV
1398,12
1400,TRIV
1402,TRIV
1404,4
1406,5
1408,TRIV
1410,4
1412,7
1414,TRIV
1416,5
1418,4
1420,TRIV
1422,12
1424,4
1426,TRIV
1428,TRIV
1430,4
1432,TRIV
1434,4
1436,39
1438,TRIV
1440,8
1442,TRIV
1444,TRIV
1446,5
1448,4
1450,TRIV
1452,8
1454,4
1456,TRIV
1458,5
1460,4
1462,TRIV
1464,4
1466,10
1468,TRIV
1470,TRIV
1472,4
1474,TRIV
1476,5
1478,5
1480,TRIV
1482,4
1484,TRIV
1486,TRIV
1488,5
1490,4
1492,TRIV
1494,4
1496,15
1498,TRIV
1500,5
1502,8
1504,TRIV
1506,7
1508,5
1510,TRIV
1512,TRIV
1514,4
1516,TRIV
1518,4
1520,4
1522,TRIV
1524,4
1526,TRIV
1528,TRIV
1530,5
1532,7
1534,TRIV
1536,5
1538,4
1540,TRIV
1542,4
1544,4
1546,TRIV
1548,4
1550,6
1552,TRIV
1554,TRIV
1556,13
1558,TRIV
1560,6
1562,4
1564,TRIV
1566,5
1568,TRIV
1570,TRIV
1572,4
1574,4
1576,TRIV
1578,4
1580,4
1582,TRIV
1584,11
1586,62
1588,TRIV
1590,4
1592,4
1594,TRIV
1596,TRIV
1598,12
1600,TRIV
1602,6
1604,4
1606,TRIV
1608,5
1610,TRIV
1612,TRIV
1614,4
1616,13
1618,TRIV
1620,5
1622,6
1624,TRIV
1626,31
1628,4
1630,TRIV
1632,4
1634,5
1636,TRIV
1638,TRIV
1640,4
1642,TRIV
1644,4
1646,5
1648,TRIV
1650,4
1652,TRIV
1654,TRIV
1656,89
1658,4
1660,TRIV
1662,4
1664,7
1666,TRIV
1668,4
1670,5
1672,TRIV
1674,4
1676,5
1678,TRIV
1680,TRIV
1682,4
1684,TRIV
1686,5
1688,9
1690,TRIV
1692,4
1694,TRIV
1696,TRIV
1698,14
1700,4
1702,TRIV
1704,17
1706,5
1708,TRIV
1710,4
1712,8
1714,TRIV
1716,5
1718,4
1720,TRIV
1722,TRIV
1724,4
1726,TRIV
1728,4
1730,5
1732,TRIV
1734,5
1736,TRIV
1738,TRIV
1740,4
1742,4
1744,TRIV
1746,5
1748,4
1750,TRIV
1752,10
1754,4
1756,TRIV
1758,4
1760,4
1762,TRIV
1764,TRIV
1766,6
1768,TRIV
1770,4
1772,6
1774,TRIV
1776,5
1778,TRIV
1780,TRIV
1782,4
1784,4
1786,TRIV
1788,4
1790,5
1792,TRIV
1794,4
1796,6
1798,TRIV
1800,4
1802,4
1804,TRIV
1806,TRIV
1808,4
1810,TRIV
1812,6
1814,4
1816,TRIV
1818,6
1820,TRIV
1822,TRIV
1824,4
1826,6
1828,TRIV
1830,4
1832,4
1834,TRIV
1836,9
1838,4
1840,TRIV
1842,6
1844,4
1846,TRIV
1848,TRIV
1850,5
1852,TRIV
1854,4
1856,5
1858,TRIV
1860,4
1862,TRIV
1864,TRIV
1866,6
1868,5
1870,TRIV
1872,6
1874,8
1876,TRIV
1878,4
1880,4
1882,TRIV
1884,5
1886,6
1888,TRIV
1890,TRIV
1892,4
1894,TRIV
1896,7
1898,4
1900,TRIV
1902,4
1904,TRIV
1906,TRIV
1908,6
1910,4
1912,TRIV
1914,4
1916,5
1918,TRIV
1920,5
1922,4
1924,TRIV
1926,9
1928,5
1930,TRIV
1932,TRIV
1934,4
1936,TRIV
1938,4
1940,4
1942,TRIV
1944,4
1946,TRIV
1948,TRIV
1950,9
1952,4
1954,TRIV
1956,5
1958,4
1960,TRIV
1962,4
1964,5
1966,TRIV
1968,4
1970,4
1972,TRIV
1974,TRIV
1976,5
1978,TRIV
1980,4
1982,4
1984,TRIV
1986,5
1988,TRIV
1990,TRIV
1992,4
1994,5
1996,TRIV
1998,9
2000,4
2002,TRIV
2004,4
2006,9
2008,TRIV
2010,5
2012,4
2014,TRIV
2016,TRIV
2018,4
2020,TRIV
2022,4
2024,5
2026,TRIV
2028,4
2030,TRIV
2032,TRIV
2034,4
2036,5
2038,TRIV
2040,5
2042,4
2044,TRIV
2046,6
2048,4
2050,TRIV
2052,4
2054,4
2056,TRIV
2058,TRIV
2060,5
2062,TRIV
2064,4
2066,5
2068,TRIV
2070,4
2072,TRIV
2074,TRIV
2076,5
2078,6
2080,TRIV
2082,7
2084,4
2086,TRIV
2088,4
2090,4
2092,TRIV
2094,4
2096,6
2098,TRIV
2100,TRIV
2102,6
2104,TRIV
2106,26
2108,4
2110,TRIV
2112,8
2114,TRIV
2116,TRIV
2118,4
2120,4
2122,TRIV
2124,4
2126,6
2128,TRIV
2130,4
2132,4
2134,TRIV
2136,6
2138,4
2140,TRIV
2142,TRIV
2144,4
2146,TRIV
2148,22
2150,4
2152,TRIV
2154,5
2156,TRIV
2158,TRIV
2160,4
2162,4
2164,TRIV
2166,7
2168,4
2170,TRIV
2172,4
2174,4
2176,TRIV
2178,4
2180,5
2182,TRIV
2184,TRIV
2186,5
2188,TRIV
2190,4
2192,11
2194,TRIV
2196,9
2198,TRIV
2200,TRIV
2202,4
2204,4
2206,TRIV
2208,4
2210,4
2212,TRIV
2214,5
2216,5
2218,TRIV
2220,4
2222,4
2224,TRIV
2226,TRIV
2228,4
2230,TRIV
2232,7
2234,4
2236,TRIV
2238,4
2240,TRIV
2242,TRIV
2244,4
2246,5
2248,TRIV
2250,4
2252,4
2254,TRIV
2256,5
2258,5
2260,TRIV
2262,4
2264,4
2266,TRIV
2268,TRIV
2270,4
2272,TRIV
2274,4
2276,9
2278,TRIV
2280,7
2282,TRIV
2284,TRIV
2286,6
2288,4
2290,TRIV
2292,4
2294,4
2296,TRIV
2298,4
2300,4
2302,TRIV
2304,4
2306,6
2308,TRIV
2310,TRIV
2312,4
2314,TRIV
2316,10
2318,4
2320,TRIV
2322,4
2324,TRIV
2326,TRIV
2328,4
2330,4
2332,TRIV
2334,4
2336,7
2338,TRIV
2340,4
2342,4
2344,TRIV
2346,5
2348,4
2350,TRIV
2352,TRIV
2354,4
2356,TRIV
2358,4
2360,4
2362,TRIV
2364,4
2366,TRIV
2368,TRIV
2370,4
2372,4
2374,TRIV
2376,5
2378,4
2380,TRIV
2382,4
2384,4
2386,TRIV
2388,4
2390,4
2392,TRIV
2394,TRIV
2396,4
2398,TRIV
2400,5
2402,20
2404,TRIV
2406,5
2408,TRIV
2410,TRIV
2412,6
2414,37
2416,TRIV
2418,5
2420,5
2422,TRIV
2424,123
2426,6
2428,TRIV
2430,7
2432,14
2434,TRIV
2436,TRIV
2438,5
2440,TRIV
2442,7
2444,7
2446,TRIV
2448,6
2450,TRIV
2452,TRIV
2454,7
2456,10
2458,TRIV
2460,5
2462,7
2464,TRIV
2466,5
2468,8
2470,TRIV
2472,10
2474,7
2476,TRIV
2478,TRIV
2480,5
2482,TRIV
2484,5
2486,5
2488,TRIV
2490,7
2492,TRIV
2494,TRIV
2496,6
2498,6
2500,TRIV
2502,8
2504,5
2506,TRIV
2508,8
2510,15
2512,TRIV
2514,5
2516,6
2518,TRIV
2520,TRIV
2522,6
2524,TRIV
2526,5
2528,14
2530,TRIV
2532,6
2534,TRIV
2536,TRIV
2538,10
2540,7
2542,TRIV
2544,9
2546,7
2548,TRIV
2550,6
2552,7
2554,TRIV
2556,5
2558,5
2560,TRIV
2562,TRIV
2564,5
2566,TRIV
2568,8
2570,6
2572,TRIV
2574,7
2576,TRIV
2578,TRIV
2580,8
2582,6
2584,TRIV
2586,5
2588,6
2590,TRIV
2592,6
2594,55
2596,TRIV
2598,8
2600,5
2602,TRIV
2604,TRIV
2606,14
2608,TRIV
2610,5
2612,14
2614,TRIV
2616,7
2618,TRIV
2620,TRIV
2622,7
2624,8
2626,TRIV
2628,6
2630,5
2632,TRIV
2634,5
2636,6
2638,TRIV
2640,8
2642,7
2644,TRIV
2646,TRIV
2648,5
2650,TRIV
2652,6
2654,5
2656,TRIV
2658,5
2660,TRIV
2662,TRIV
2664,5
2666,13
2668,TRIV
2670,7
2672,11
2674,TRIV
2676,6
2678,8
2680,TRIV
2682,6
2684,15
2686,TRIV
2688,TRIV
2690,21
2692,TRIV
2694,19
2696,18
2698,TRIV
2700,5
2702,TRIV
2704,TRIV
2706,7
2708,6
2710,TRIV
2712,8
2714,8
2716,TRIV
2718,22
2720,5
2722,TRIV
2724,5
2726,5
2728,TRIV
2730,TRIV
2732,12
2734,TRIV
2736,5
2738,14
2740,TRIV
2742,11
2744,TRIV
2746,TRIV
2748,6
2750,5
2752,TRIV
2754,7
2756,5
2758,TRIV
2760,6
2762,18
2764,TRIV
2766,6
2768,8
2770,TRIV
2772,TRIV
2774,5
2776,TRIV
2778,5
2780,7
2782,TRIV
2784,7
2786,TRIV
2788,TRIV
2790,6
2792,12
2794,TRIV
2796,5
2798,5
2800,TRIV
2802,6
2804,12
2806,TRIV
2808,5
2810,5
2812,TRIV
2814,TRIV
2816,6
2818,TRIV
2820,7
2822,6
2824,TRIV
2826,9
2828,TRIV
2830,TRIV
2832,7
2834,17
2836,TRIV
2838,12
2840,5
2842,TRIV
2844,5
2846,11
2848,TRIV
2850,6
2852,6
2854,TRIV
2856,TRIV
2858,13
2860,TRIV
2862,7
2864,7
2866,TRIV
2868,6
2870,TRIV
2872,TRIV
2874,5
2876,5
2878,TRIV
2880,6
2882,8
2884,TRIV
2886,5
2888,6
2890,TRIV
2892,6
2894,5
2896,TRIV
2898,TRIV
2900,5
2902,TRIV
2904,5
2906,5
2908,TRIV
2910,9
2912,TRIV
2914,TRIV
2916,7
2918,9
2920,TRIV
2922,8
2924,5
2926,TRIV
2928,5
2930,5
2932,TRIV
2934,5
2936,6
2938,TRIV
2940,TRIV
2942,30
2944,TRIV
2946,7
2948,5
2950,TRIV
2952,51
2954,TRIV
2956,TRIV
2958,6
2960,6
2962,TRIV
2964,8
2966,5
2968,TRIV
2970,6
2972,30
2974,TRIV
2976,5
2978,5
2980,TRIV
2982,TRIV
2984,7
2986,TRIV
2988,6
2990,6
2992,TRIV
2994,21
2996,TRIV
2998,TRIV
3000,5
3002,7
3004,TRIV
3006,6
3008,5
3010,TRIV
3012,10
3014,12
3016,TRIV
3018,5
3020,9
3022,TRIV
3024,TRIV
3026,5
3028,TRIV
3030,9
3032,6
3034,TRIV
3036,6
3038,TRIV
3040,TRIV
3042,10
3044,5
3046,TRIV
3048,5
3050,5
3052,TRIV
3054,7
3056,5
3058,TRIV
3060,8
3062,7
3064,TRIV
3066,TRIV
3068,10
3070,TRIV
3072,6
3074,15
3076,TRIV
3078,5
3080,TRIV
3082,TRIV
3084,5
3086,5
3088,TRIV
3090,49
3092,14
3094,TRIV
3096,5
3098,5
3100,TRIV
3102,6
3104,17
3106,TRIV
3108,TRIV
3110,5
3112,TRIV
3114,5
3116,5
3118,TRIV
3120,5
3122,TRIV
3124,TRIV
3126,5
3128,5
3130,TRIV
3132,7
3134,7
3136,TRIV
3138,5
3140,10
3142,TRIV
3144,7
3146,274
3148,TRIV
3150,TRIV
3152,8
3154,TRIV
3156,6
3158,5
3160,TRIV
3162,6
3164,TRIV
3166,TRIV
3168,20
3170,6
3172,TRIV
3174,5
3176,6
3178,TRIV
3180,5
3182,6
3184,TRIV
3186,10
3188,5
3190,TRIV
3192,TRIV
3194,5
3196,TRIV
3198,6
3200,7
3202,TRIV
3204,9
3206,TRIV
3208,TRIV
3210,5
3212,7
3214,TRIV
3216,5
3218,29
3220,TRIV
3222,7
3224,7
3226,TRIV
3228,13
3230,5
3232,TRIV
3234,TRIV
3236,10
3238,TRIV
3240,5
3242,6
3244,TRIV
3246,13
3248,TRIV
3250,TRIV
3252,10
3254,5
3256,TRIV
3258,8
3260,10
3262,TRIV
3264,7
3266,11
3268,TRIV
3270,5
3272,6
3274,TRIV
3276,TRIV
3278,6
3280,TRIV
3282,11
3284,5
3286,TRIV
3288,20
3290,TRIV
3292,TRIV
3294,5
3296,7
3298,TRIV
3300,7
3302,7
3304,TRIV
3306,6
3308,5
3310,TRIV
3312,7
3314,9
3316,TRIV
3318,TRIV
3320,5
3322,TRIV
3324,11
3326,10
3328,TRIV
3330,5
3332,TRIV
3334,TRIV
3336,10
3338,5
3340,TRIV
3342,7
3344,5
3346,TRIV
3348,9
3350,5
3352,TRIV
3354,8
3356,5
3358,TRIV
3360,TRIV
3362,8
3364,TRIV
3366,5
3368,6
3370,TRIV
3372,6
3374,TRIV
3376,TRIV
3378,8
3380,6
3382,TRIV
3384,8
3386,5
3388,TRIV
3390,5
3392,28
3394,TRIV
3396,5
3398,8
3400,TRIV
3402,TRIV
3404,15
3406,TRIV
3408,5
3410,5
3412,TRIV
3414,7
3416,TRIV
3418,TRIV
3420,6
3422,12
3424,TRIV
3426,5
3428,6
3430,TRIV
3432,6
3434,7
3436,TRIV
3438,9
3440,5
3442,TRIV
3444,TRIV
3446,6
3448,TRIV
3450,6
3452,6
3454,TRIV
3456,6
3458,TRIV
3460,TRIV
3462,11
3464,8
3466,TRIV
3468,5
3470,5
3472,TRIV
3474,9
3476,5
3478,TRIV
3480,5
3482,6
3484,TRIV
3486,TRIV
3488,6
3490,TRIV
3492,6
3494,5
3496,TRIV
3498,5
3500,TRIV
3502,TRIV
3504,8
3506,6
3508,TRIV
3510,5
3512,8
3514,TRIV
3516,5
3518,17
3520,TRIV
3522,12
3524,8
3526,TRIV
3528,TRIV
3530,8
3532,TRIV
3534,11
3536,6
3538,TRIV
3540,5
3542,TRIV
3544,TRIV
3546,13
3548,5
3550,TRIV
3552,7
3554,7
3556,TRIV
3558,5
3560,6
3562,TRIV
3564,9
3566,5
3568,TRIV
3570,TRIV
3572,6
3574,TRIV
3576,6
3578,5
3580,TRIV
3582,6
3584,TRIV
3586,TRIV
3588,5
3590,5
3592,TRIV
3594,11
3596,11
3598,TRIV
3600,7
3602,55
3604,TRIV
3606,6
3608,6
3610,TRIV
3612,TRIV
3614,8
3616,TRIV
3618,6
3620,5
3622,TRIV
3624,5
3626,TRIV
3628,TRIV
3630,5
3632,7
3634,TRIV
3636,5
3638,8
3640,TRIV
3642,14
3644,5
3646,TRIV
3648,5
3650,10
3652,TRIV
3654,TRIV
3656,5
3658,TRIV
3660,5
3662,8
3664,TRIV
3666,6
3668,TRIV
3670,TRIV
3672,26
3674,8
3676,TRIV
3678,9
3680,5
3682,TRIV
3684,12
3686,5
3688,TRIV
3690,7
3692,6
3694,TRIV
3696,TRIV
3698,5
3700,TRIV
3702,6
3704,5
3706,TRIV
3708,5
3710,TRIV
3712,TRIV
3714,5
3716,6
3718,TRIV
3720,7
3722,20
3724,TRIV
3726,14
3728,6
3730,TRIV
3732,7
3734,9
3736,TRIV
3738,TRIV
3740,6
3742,TRIV
3744,5
3746,6
3748,TRIV
3750,6
3752,TRIV
3754,TRIV
3756,7
3758,5
3760,TRIV
3762,7
3764,5
3766,TRIV
3768,9
3770,5
3772,TRIV
3774,5
3776,63
3778,TRIV
3780,TRIV
3782,7
3784,TRIV
3786,9
3788,9
3790,TRIV
3792,15
3794,TRIV
3796,TRIV
3798,5
3800,5
3802,TRIV
3804,5
3806,5
3808,TRIV
3810,11
3812,6
3814,TRIV
3816,9
3818,8
3820,TRIV
3822,TRIV
3824,5
3826,TRIV
3828,5
3830,6
3832,TRIV
3834,5
3836,TRIV
3838,TRIV
3840,5
3842,7
3844,TRIV
3846,9
3848,5
3850,TRIV
3852,6
3854,5
3856,TRIV
3858,10
3860,10
3862,TRIV
3864,TRIV
3866,5
3868,TRIV
3870,6
3872,6
3874,TRIV
3876,13
3878,TRIV
3880,TRIV
3882,14
3884,5
3886,TRIV
3888,5
3890,5
3892,TRIV
3894,8
3896,5
3898,TRIV
3900,5
3902,8
3904,TRIV
3906,TRIV
3908,5
3910,TRIV
3912,16
3914,5
3916,TRIV
3918,5
3920,TRIV
3922,TRIV
3924,7
3926,6
3928,TRIV
3930,6
3932,6
3934,TRIV
3936,7
3938,9
3940,TRIV
3942,19
3944,12
3946,TRIV
3948,TRIV
3950,7
3952,TRIV
3954,5
3956,33
3958,TRIV
3960,7
3962,TRIV
3964,TRIV
3966,5
3968,12
3970,TRIV
3972,8
3974,8
3976,TRIV
3978,5
3980,7
3982,TRIV
3984,5
3986,5
3988,TRIV
3990,TRIV
3992,6
3994,TRIV
3996,13
3998,5
4000,TRIV
4002,6
4004,TRIV
4006,TRIV
4008,5
4010,23
4012,TRIV
4014,16
4016,5
4018,TRIV
4020,7
4022,10
4024,TRIV
4026,5
4028,6
4030,TRIV
4032,TRIV
4034,7
4036,TRIV
4038,16
4040,7
4042,TRIV
4044,5
4046,TRIV
4048,TRIV
4050,5
4052,7
4054,TRIV
4056,7
4058,6
4060,TRIV
4062,10
4064,5
4066,TRIV
4068,5
4070,7
4072,TRIV
4074,TRIV
4076,11
4078,TRIV
4080,7
4082,6
4084,TRIV
4086,5
4088,TRIV
4090,TRIV
4092,6
4094,5
4096,TRIV
4098,10
4100,7
4102,TRIV
4104,5
4106,7
4108,TRIV
4110,5
4112,6
4114,TRIV
4116,TRIV
4118,5
4120,TRIV
4122,8
4124,7
4126,TRIV
4128,9
4130,TRIV
4132,TRIV
4134,7
4136,5
4138,TRIV
4140,8
4142,8
4144,TRIV
4146,23
4148,5
4150,TRIV
4152,6
4154,5
4156,TRIV
4158,TRIV
4160,5
4162,TRIV
4164,9
4166,5
4168,TRIV
4170,5
4172,TRIV
4174,TRIV
4176,7
4178,17
4180,TRIV
4182,6
4184,19
4186,TRIV
4188,5
4190,8
4192,TRIV
4194,5
4196,5
4198,TRIV
4200,TRIV
4202,10
4204,TRIV
4206,5
4208,12
4210,TRIV
4212,6
4214,TRIV
4216,TRIV
4218,5
4220,34
4222,TRIV
4224,5
4226,7
4228,TRIV
4230,5
4232,6
4234,TRIV
4236,7
4238,5
4240,TRIV
4242,TRIV
4244,29
4246,TRIV
4248,10
4250,8
4252,TRIV
4254,5
4256,TRIV
4258,TRIV
4260,5
4262,11
4264,TRIV
4266,5
4268,5
4270,TRIV
4272,7
4274,8
4276,TRIV
4278,6
4280,5
4282,TRIV
4284,TRIV
4286,6
4288,TRIV
4290,5
4292,6
4294,TRIV
4296,5
4298,TRIV
4300,TRIV
4302,7
4304,5
4306,TRIV
4308,6
4310,5
4312,TRIV
4314,7
4316,5
4318,TRIV
4320,5
4322,6
4324,TRIV
4326,TRIV
4328,5
4330,TRIV
4332,15
4334,5
4336,TRIV
4338,10
4340,TRIV
4342,TRIV
4344,9
4346,9
4348,TRIV
4350,5
4352,10
4354,TRIV
4356,5
4358,18
4360,TRIV
4362,6
4364,8
4366,TRIV
4368,TRIV
4370,5
4372,TRIV
4374,5
4376,7
4378,TRIV
4380,10
4382,TRIV
4384,TRIV
4386,5
4388,29
4390,TRIV
4392,31
4394,5
4396,TRIV
4398,5
4400,12
4402,TRIV
4404,12
4406,5
4408,TRIV
4410,TRIV
4412,7
4414,TRIV
4416,5
4418,8
4420,TRIV
4422,6
4424,TRIV
4426,TRIV
4428,5
4430,5
4432,TRIV
4434,5
4436,6
4438,TRIV
4440,6
4442,7
4444,TRIV
4446,11
4448,10
4450,TRIV
4452,TRIV
4454,12
4456,TRIV
4458,8
4460,5
4462,TRIV
4464,5
4466,TRIV
4468,TRIV
4470,7
4472,6
4474,TRIV
4476,6
4478,5
4480,TRIV
4482,6
4484,5
4486,TRIV
4488,6
4490,6
4492,TRIV
4494,TRIV
4496,6
4498,TRIV
4500,6
4502,6
4504,TRIV
4506,5
4508,TRIV
4510,TRIV
4512,7
4514,7
4516,TRIV
4518,5
4520,14
4522,TRIV
4524,8
4526,5
4528,TRIV
4530,5
4532,6
4534,TRIV
4536,TRIV
4538,5
4540,TRIV
4542,7
4544,5
4546,TRIV
4548,14
4550,TRIV
4552,TRIV
4554,5
4556,5
4558,TRIV
4560,6
4562,14
4564,TRIV
4566,5
4568,5
4570,TRIV
4572,10
4574,7
4576,TRIV
4578,TRIV
4580,5
4582,TRIV
4584,7
4586,6
4588,TRIV
4590,15
4592,TRIV
4594,TRIV
4596,5
4598,6
4600,TRIV
4602,11
4604,5
4606,TRIV
4608,6
4610,5
4612,TRIV
4614,13
4616,9
4618,TRIV
4620,TRIV
4622,6
4624,TRIV
4626,6
4628,6
4630,TRIV
4632,6
4634,TRIV
4636,TRIV
4638,6
4640,9
4642,TRIV
4644,5
4646,5
4648,TRIV
4650,5
4652,6
4654,TRIV
4656,7
4658,5
4660,TRIV
4662,TRIV
4664,5
4666,TRIV
4668,8
4670,6
4672,TRIV
4674,9
4676,TRIV
4678,TRIV
4680,8
4682,6
4684,TRIV
4686,11
4688,5
4690,TRIV
4692,8
4694,5
4696,TRIV
4698,5
4700,5
4702,TRIV
4704,TRIV
4706,5
4708,TRIV
4710,5
4712,10
4714,TRIV
4716,7
4718,TRIV
4720,TRIV
4722,6
4724,7
4726,TRIV
4728,6
4730,6
4732,TRIV
4734,5
4736,5
4738,TRIV
4740,6
4742,36
4744,TRIV
4746,TRIV
4748,6
4750,TRIV
4752,16
4754,9
4756,TRIV
4758,5
4760,TRIV
4762,TRIV
4764,5
4766,5
4768,TRIV
4770,5
4772,6
4774,TRIV
4776,309
4778,12
4780,TRIV
4782,12
4784,9
4786,TRIV
4788,TRIV
4790,6
4792,TRIV
4794,23
4796,5
4798,TRIV
4800,5
4802,TRIV
4804,TRIV
4806,6
4808,14
4810,TRIV
4812,26
4814,24
4816,TRIV
4818,6
4820,5
4822,TRIV
4824,9
4826,5
4828,TRIV
4830,TRIV
4832,30
4834,TRIV
4836,5
4838,5
4840,TRIV
4842,6
4844,TRIV
4846,TRIV
4848,5
4850,6
4852,TRIV
4854,5
4856,7
4858,TRIV
4860,7
4862,6
4864,TRIV
4866,5
4868,5
4870,TRIV
4872,TRIV
4874,5
4876,TRIV
4878,6
4880,5
4882,TRIV
4884,5
4886,TRIV
4888,TRIV
4890,6
4892,6
4894,TRIV
4896,14
4898,5
4900,TRIV
4902,32
4904,5
4906,TRIV
4908,6
4910,5
4912,TRIV
4914,TRIV
4916,9
4918,TRIV
4920,5
4922,7
4924,TRIV
4926,9
4928,TRIV
4930,TRIV
4932,30
4934,53
4936,TRIV
4938,9
4940,5
4942,TRIV
4944,5
4946,10
4948,TRIV
4950,8
4952,10
4954,TRIV
4956,TRIV
4958,6
4960,TRIV
4962,6
4964,7
4966,TRIV
4968,5
4970,TRIV
4972,TRIV
4974,5
4976,5
4978,TRIV
4980,5
4982,7
4984,TRIV
4986,5
4988,10
4990,TRIV
4992,6
4994,5
4996,TRIV
4998,TRIV
5000,5
5002,TRIV
5004,8
5006,5
5008,TRIV
5010,8
5012,TRIV
5014,TRIV
5016,13
5018,5
5020,TRIV
5022,8
5024,5
5026,TRIV
5028,5
5030,5
5032,TRIV
5034,7
5036,14
5038,TRIV
5040,TRIV
5042,8
5044,TRIV
5046,6
5048,6
5050,TRIV
5052,11
5054,TRIV
5056,TRIV
5058,9
5060,6
5062,TRIV
5064,5
5066,6
5068,TRIV
5070,7
5072,6
5074,TRIV
5076,5
5078,6
5080,TRIV
5082,TRIV
5084,369
5086,TRIV
5088,5
5090,5
5092,TRIV
5094,28
5096,TRIV
5098,TRIV
5100,14
5102,11
5104,TRIV
5106,5
5108,5
5110,TRIV
5112,10
5114,7
5116,TRIV
5118,5
5120,13
5122,TRIV
5124,TRIV
5126,5
5128,TRIV
5130,5
5132,10
5134,TRIV
5136,9
5138,TRIV
5140,TRIV
5142,6
5144,7
5146,TRIV
5148,6
5150,5
5152,TRIV
5154,8
5156,230
5158,TRIV
5160,7
5162,15
5164,TRIV
5166,TRIV
5168,6
5170,TRIV
5172,7
5174,5
5176,TRIV
5178,14
5180,TRIV
5182,TRIV
5184,7
5186,5
5188,TRIV
5190,5
5192,12
5194,TRIV
5196,7
5198,9
5200,TRIV
5202,7
5204,7
5206,TRIV
5208,TRIV
5210,5
5212,TRIV
5214,5
5216,7
5218,TRIV
5220,5
5222,TRIV
5224,TRIV
5226,34
5228,5
5230,TRIV
5232,15
5234,7
5236,TRIV
5238,22
5240,7
5242,TRIV
5244,13
5246,6
5248,TRIV
5250,TRIV
5252,6
5254,TRIV
5256,5
5258,5
5260,TRIV
5262,7
5264,TRIV
5266,TRIV
5268,26
5270,18
5272,TRIV
5274,123
5276,9
5278,TRIV
5280,5
5282,8
5284,TRIV
5286,6
5288,5
5290,TRIV
5292,TRIV
5294,7
5296,TRIV
5298,8
5300,6
5302,TRIV
5304,5
5306,TRIV
5308,TRIV
5310,5
5312,6
5314,TRIV
5316,5
5318,5
5320,TRIV
5322,6
5324,5
5326,TRIV
5328,8
5330,12
5332,TRIV
5334,TRIV
5336,5
5338,TRIV
5340,5
5342,10
5344,TRIV
5346,6
5348,TRIV
5350,TRIV
5352,6
5354,7
5356,TRIV
5358,6
5360,5
5362,TRIV
5364,5
5366,13
5368,TRIV
5370,5
5372,7
5374,TRIV
5376,TRIV
5378,8
5380,TRIV
5382,20
5384,5
5386,TRIV
5388,6
5390,TRIV
5392,TRIV
5394,9
5396,5
5398,TRIV
5400,6
5402,6
5404,TRIV
5406,9
5408,5
5410,TRIV
5412,6
5414,5
5416,TRIV
5418,TRIV
5420,7
5422,TRIV
5424,5
5426,6
5428,TRIV
5430,7
5432,TRIV
5434,TRIV
5436,6
5438,5
5440,TRIV
5442,6
5444,7
5446,TRIV
5448,8
5450,6
5452,TRIV
5454,5
5456,5
5458,TRIV
5460,TRIV
5462,8
5464,TRIV
5466,10
5468,6
5470,TRIV
5472,15
5474,TRIV
5476,TRIV
5478,5
5480,8
5482,TRIV
5484,8
5486,5
5488,TRIV
5490,5
5492,47
5494,TRIV
5496,5
5498,9
5500,TRIV
5502,TRIV
5504,37
5506,TRIV
5508,5
5510,6
5512,TRIV
5514,12
5516,TRIV
5518,TRIV
5520,5
5522,7
5524,TRIV
5526,7
5528,5
5530,TRIV
5532,7
5534,5
5536,TRIV
5538,6
5540,9
5542,TRIV
5544,TRIV
5546,5
5548,TRIV
5550,5
5552,6
5554,TRIV
5556,5
5558,TRIV
5560,TRIV
5562,6
5564,5
5566,TRIV
5568,5
5570,9
5572,TRIV
5574,12
5576,11
5578,TRIV
5580,6
5582,6
5584,TRIV
5586,TRIV
5588,6
5590,TRIV
5592,7
5594,5
5596,TRIV
5598,8
5600,TRIV
5602,TRIV
5604,11
5606,10
5608,TRIV
5610,5
5612,11
5614,TRIV
5616,10
5618,6
5620,TRIV
5622,16
5624,7
5626,TRIV
5628,TRIV
5630,5
5632,TRIV
5634,5
5636,5
5638,TRIV
5640,10
5642,TRIV
5644,TRIV
5646,5
5648,5
5650,TRIV
5652,6
5654,7
5656,TRIV
5658,5
5660,11
5662,TRIV
5664,9
5666,7
5668,TRIV
5670,TRIV
5672,6
5674,TRIV
5676,5
5678,8
5680,TRIV
5682,10
5684,TRIV
5686,TRIV
5688,5
5690,5
5692,TRIV
5694,5
5696,6
5698,TRIV
5700,6
5702,7
5704,TRIV
5706,7
5708,8
5710,TRIV
5712,TRIV
5714,5
5716,TRIV
5718,10
5720,5
5722,TRIV
5724,5
5726,TRIV
5728,TRIV
5730,6
5732,15
5734,TRIV
5736,5
5738,5
5740,TRIV
5742,8
5744,9
5746,TRIV
5748,5
5750,5
5752,TRIV
5754,TRIV
5756,6
5758,TRIV
5760,5
5762,10
5764,TRIV
5766,7
5768,TRIV
5770,TRIV
5772,12
5774,7
5776,TRIV
5778,6
5780,5
5782,TRIV
5784,12
5786,6
5788,TRIV
5790,8
5792,6
5794,TRIV
5796,TRIV
5798,8
5800,TRIV
5802,6
5804,5
5806,TRIV
5808,10
5810,TRIV
5812,TRIV
5814,5
5816,6
5818,TRIV
5820,5
5822,6
5824,TRIV
5826,10
5828,5
5830,TRIV
5832,7
5834,5
5836,TRIV
5838,TRIV
5840,11
5842,TRIV
5844,9
5846,7
5848,TRIV
5850,5
5852,TRIV
5854,TRIV
5856,9
5858,5
5860,TRIV
5862,23
5864,7
5866,TRIV
5868,5
5870,5
5872,TRIV
5874,7
5876,6
5878,TRIV
5880,TRIV
5882,6
5884,TRIV
5886,15
5888,8
5890,TRIV
5892,7
5894,TRIV
5896,TRIV
5898,5
5900,9
5902,TRIV
5904,5
5906,7
5908,TRIV
5910,13
5912,8
5914,TRIV
5916,5
5918,5
5920,TRIV
5922,TRIV
5924,5
5926,TRIV
5928,6
5930,9
5932,TRIV
5934,8
5936,TRIV
5938,TRIV
5940,5
5942,39
5944,TRIV
5946,5
5948,5
5950,TRIV
5952,6
5954,5
5956,TRIV
5958,40
5960,5
5962,TRIV
5964,TRIV
5966,9
5968,TRIV
5970,5
5972,8
5974,TRIV
5976,5
5978,TRIV
5980,TRIV
5982,6
5984,8
5986,TRIV
5988,17
5990,6
5992,TRIV
5994,7
5996,6
5998,TRIV
6000,128
6002,10
6004,TRIV
6006,TRIV
6008,5
6010,TRIV
6012,6
6014,7
6016,TRIV
6018,5
6020,TRIV
6022,TRIV
6024,7
6026,5
6028,TRIV
6030,8
6032,14
6034,TRIV
6036,5
6038,6
6040,TRIV
6042,11
6044,8
6046,TRIV
6048,TRIV
6050,6
6052,TRIV
6054,5
6056,6
6058,TRIV
6060,7
6062,TRIV
6064,TRIV
6066,41
6068,5
6070,TRIV
6072,6
6074,5
6076,TRIV
6078,5
6080,7
6082,TRIV
6084,5
6086,7
6088,TRIV
6090,TRIV
6092,14
6094,TRIV
6096,5
6098,5
6100,TRIV
6102,11
6104,TRIV
6106,TRIV
6108,13
6110,6
6112,TRIV
6114,9
6116,5
6118,TRIV
6120,5
6122,8
6124,TRIV
6126,10
6128,6
6130,TRIV
6132,TRIV
6134,7
6136,TRIV
6138,29
6140,5
6142,TRIV
6144,5
6146,TRIV
6148,TRIV
6150,5
6152,6
6154,TRIV
6156,5
6158,6
6160,TRIV
6162,6
6164,7
6166,TRIV
6168,5
6170,42
6172,TRIV
6174,TRIV
6176,5
6178,TRIV
6180,5
6182,6
6184,TRIV
6186,7
6188,TRIV
6190,TRIV
6192,14
6194,5
6196,TRIV
6198,16
6200,5
6202,TRIV
6204,11
6206,5
6208,TRIV
6210,5
6212,7
6214,TRIV
6216,TRIV
6218,5
6220,TRIV
6222,6
6224,7
6226,TRIV
6228,17
6230,TRIV
6232,TRIV
6234,24
6236,9
6238,TRIV
6240,5
6242,30
6244,TRIV
6246,9
6248,5
6250,TRIV
6252,7
6254,13
6256,TRIV
6258,TRIV
6260,9
6262,TRIV
6264,7
6266,7
6268,TRIV
6270,7
6272,TRIV
6274,TRIV
6276,5
6278,5
6280,TRIV
6282,12
6284,19
6286,TRIV
6288,8
6290,70
6292,TRIV
6294,5
6296,9
6298,TRIV
6300,TRIV
6302,6
6304,TRIV
6306,5
6308,5
6310,TRIV
6312,6
6314,TRIV
6316,TRIV
6318,14
6320,5
6322,TRIV
6324,8
6326,6
6328,TRIV
6330,5
6332,6
6334,TRIV
6336,9
6338,52
6340,TRIV
6342,TRIV
6344,5
6346,TRIV
6348,5
6350,5
6352,TRIV
6354,5
6356,TRIV
6358,TRIV
6360,7
6362,8
6364,TRIV
6366,10
6368,8
6370,TRIV
6372,38
6374,5
6376,TRIV
6378,5
6380,5
6382,TRIV
6384,TRIV
6386,6
6388,TRIV
6390,7
6392,7
6394,TRIV
6396,6
6398,TRIV
6400,TRIV
6402,11
6404,20
6406,TRIV
6408,5
6410,11
6412,TRIV
6414,9
6416,5
6418,TRIV
6420,6
6422,6
6424,TRIV
6426,TRIV
6428,9
6430,TRIV
6432,6
6434,12
6436,TRIV
6438,5
6440,TRIV
6442,TRIV
6444,9
6446,11
6448,TRIV
6450,5
6452,12
6454,TRIV
6456,7
6458,6
6460,TRIV
6462,6
6464,5
6466,TRIV
6468,TRIV
6470,5
6472,TRIV
6474,5
6476,5
6478,TRIV
6480,8
6482,TRIV
6484,TRIV
6486,5
6488,9
6490,TRIV
6492,7
6494,5
6496,TRIV
6498,10
6500,6
6502,TRIV
6504,5
6506,5
6508,TRIV
6510,TRIV
6512,34
6514,TRIV
6516,7
6518,5
6520,TRIV
6522,6
6524,TRIV
6526,TRIV
6528,6
6530,6
6532,TRIV
6534,5
6536,5
6538,TRIV
6540,5
6542,12
6544,TRIV
6546,6
6548,5
6550,TRIV
6552,TRIV
6554,5
6556,TRIV
6558,6
6560,5
6562,TRIV
6564,5
6566,TRIV
6568,TRIV
6570,13
6572,7
6574,TRIV
6576,10
6578,30
6580,TRIV
6582,7
6584,5
6586,TRIV
6588,9
6590,11
6592,TRIV
6594,TRIV
6596,5
6598,TRIV
6600,6
6602,7
6604,TRIV
6606,6
6608,TRIV
6610,TRIV
6612,16
6614,5
6616,TRIV
6618,6
6620,6
6622,TRIV
6624,7
6626,5
6628,TRIV
6630,5
6632,7
6634,TRIV
6636,TRIV
6638,5
6640,TRIV
6642,15
6644,5
6646,TRIV
6648,5
6650,TRIV
6652,TRIV
6654,9
6656,5
6658,TRIV
6660,6
6662,8
6664,TRIV
6666,5
6668,5
6670,TRIV
6672,6
6674,5
6676,TRIV
6678,TRIV
6680,6
6682,TRIV
6684,7
6686,7
6688,TRIV
6690,18
6692,TRIV
6694,TRIV
6696,5
6698,6
6700,TRIV
6702,6
6704,5
6706,TRIV
6708,5
6710,6
6712,TRIV
6714,5
6716,5
6718,TRIV
6720,TRIV
6722,6
6724,TRIV
6726,6
6728,5
6730,TRIV
6732,6
6734,TRIV
6736,TRIV
6738,5
6740,5
6742,TRIV
6744,9
6746,5
6748,TRIV
6750,6
6752,50
6754,TRIV
6756,19
6758,12
6760,TRIV
6762,TRIV
6764,7
6766,TRIV
6768,5
6770,5
6772,TRIV
6774,7
6776,TRIV
6778,TRIV
6780,7
6782,11
6784,TRIV
6786,6
6788,9
6790,TRIV
6792,10
6794,19
6796,TRIV
6798,5
6800,5
6802,TRIV
6804,TRIV
6806,21
6808,TRIV
6810,19
6812,8
6814,TRIV
6816,9
6818,TRIV
6820,TRIV
6822,11
6824,9
6826,TRIV
6828,6
6830,6
6832,TRIV
6834,5
6836,6
6838,TRIV
6840,5
6842,6
6844,TRIV
6846,TRIV
6848,10
6850,TRIV
6852,7
6854,7
6856,TRIV
6858,5
6860,TRIV
6862,TRIV
6864,17
6866,5
6868,TRIV
6870,15
6872,6
6874,TRIV
6876,5
6878,5
6880,TRIV
6882,8
6884,5
6886,TRIV
6888,TRIV
6890,7
6892,TRIV
6894,7
6896,6
6898,TRIV
6900,5
6902,TRIV
6904,TRIV
6906,5
6908,18
6910,TRIV
6912,22
6914,13
6916,TRIV
6918,6
6920,5
6922,TRIV
6924,5
6926,13
6928,TRIV
6930,TRIV
6932,11
6934,TRIV
6936,5
6938,6
6940,TRIV
6942,11
6944,TRIV
6946,TRIV
6948,5
6950,5
6952,TRIV
6954,7
6956,5
6958,TRIV
6960,45
6962,7
6964,TRIV
6966,9
6968,5
6970,TRIV
6972,TRIV
6974,5
6976,TRIV
6978,5
6980,8
6982,TRIV
6984,7
6986,TRIV
6988,TRIV
6990,5
6992,8
6994,TRIV
6996,5
6998,6
7000,TRIV
7002,6
7004,5
7006,TRIV
7008,6
7010,22
7012,TRIV
7014,TRIV
7016,5
7018,TRIV
7020,5
7022,7
7024,TRIV
7026,5
7028,TRIV
7030,TRIV
7032,11
7034,8
7036,TRIV
7038,5
7040,5
7042,TRIV
7044,7
7046,6
7048,TRIV
7050,20
7052,6
7054,TRIV
7056,TRIV
7058,5
7060,TRIV
7062,6
7064,5
7066,TRIV
7068,5
7070,TRIV
7072,TRIV
7074,5
7076,6
7078,TRIV
7080,6
7082,6
7084,TRIV
7086,5
7088,5
7090,TRIV
7092,6
7094,12
7096,TRIV
7098,TRIV
7100,7
7102,TRIV
7104,11
7106,6
7108,TRIV
7110,5
7112,TRIV
7114,TRIV
7116,6
7118,5
7120,TRIV
7122,6
7124,17
7126,TRIV
7128,5
7130,5
7132,TRIV
7134,9
7136,10
7138,TRIV
7140,TRIV
7142,7
7144,TRIV
7146,5
7148,6
7150,TRIV
7152,16
7154,TRIV
7156,TRIV
7158,5
7160,10
7162,TRIV
7164,5
7166,7
7168,TRIV
7170,6
7172,6
7174,TRIV
7176,5
7178,5
7180,TRIV
7182,TRIV
7184,5
7186,TRIV
7188,5
7190,6
7192,TRIV
7194,5
7196,TRIV
7198,TRIV
7200,12
7202,7
7204,TRIV
7206,5
7208,6
7210,TRIV
7212,6
7214,7
7216,TRIV
7218,6
7220,5
7222,TRIV
7224,TRIV
7226,7
7228,TRIV
7230,6
7232,8
7234,TRIV
7236,23
7238,TRIV
7240,TRIV
7242,8
7244,12
7246,TRIV
7248,8
7250,9
7252,TRIV
7254,9
7256,5
7258,TRIV
7260,5
7262,8
7264,TRIV
7266,TRIV
7268,5
7270,TRIV
7272,7
7274,5
7276,TRIV
7278,8
7280,TRIV
7282,TRIV
7284,11
7286,5
7288,TRIV
7290,6
7292,7
7294,TRIV
7296,5
7298,9
7300,TRIV
7302,10
7304,7
7306,TRIV
7308,TRIV
7310,5
7312,TRIV
7314,11
7316,5
7318,TRIV
7320,7
7322,TRIV
7324,TRIV
7326,6
7328,5
7330,TRIV
7332,8
7334,5
7336,TRIV
7338,6
7340,5
7342,TRIV
7344,5
7346,5
7348,TRIV
7350,TRIV
7352,7
7354,TRIV
7356,15
7358,6
7360,TRIV
7362,11
7364,TRIV
7366,TRIV
7368,5
7370,5
7372,TRIV
7374,5
7376,5
7378,TRIV
7380,6
7382,7
7384,TRIV
7386,5
7388,5
7390,TRIV
7392,TRIV
7394,5
7396,TRIV
7398,6
7400,38
7402,TRIV
7404,5
7406,TRIV
7408,TRIV
7410,5
7412,6
7414,TRIV
7416,5
7418,10
7420,TRIV
7422,7
7424,13
7426,TRIV
7428,6
7430,5
7432,TRIV
7434,TRIV
7436,5
7438,TRIV
7440,7
7442,14
7444,TRIV
7446,9
7448,TRIV
7450,TRIV
7452,7
7454,12
7456,TRIV
7458,5
7460,16
7462,TRIV
7464,5
7466,5
7468,TRIV
7470,5
7472,111
7474,TRIV
7476,TRIV
7478,9
7480,TRIV
7482,14
7484,5
7486,TRIV
7488,5
7490,TRIV
7492,TRIV
7494,35
7496,5
7498,TRIV
7500,7
7502,10
7504,TRIV
7506,7
7508,8
7510,TRIV
7512,20
7514,5
7516,TRIV
7518,TRIV
7520,6
7522,TRIV
7524,5
7526,5
7528,TRIV
7530,5
7532,TRIV
7534,TRIV
7536,11
7538,8
7540,TRIV
7542,8
7544,11
7546,TRIV
7548,8
7550,5
7552,TRIV
7554,7
7556,10
7558,TRIV
7560,TRIV
7562,8
7564,TRIV
7566,5
7568,5
7570,TRIV
7572,8
7574,TRIV
7576,TRIV
7578,8
7580,5
7582,TRIV
7584,8
7586,5
7588,TRIV
7590,6
7592,15
7594,TRIV
7596,26
7598,5
7600,TRIV
7602,TRIV
7604,5
7606,TRIV
7608,5
7610,6
7612,TRIV
7614,21
7616,TRIV
7618,TRIV
7620,5
7622,16
7624,TRIV
7626,5
7628,8
7630,TRIV
7632,6
7634,5
7636,TRIV
7638,10
7640,9
7642,TRIV
7644,TRIV
7646,5
7648,TRIV
7650,5
7652,7
7654,TRIV
7656,5
7658,TRIV
7660,TRIV
7662,6
7664,8
7666,TRIV
7668,25
7670,5
7672,TRIV
7674,5
7676,11
7678,TRIV
7680,5
7682,14
7684,TRIV
7686,TRIV
7688,6
7690,TRIV
7692,7
7694,20
7696,TRIV
7698,5
7700,TRIV
7702,TRIV
7704,5
7706,6
7708,TRIV
7710,8
7712,6
7714,TRIV
7716,5
7718,12
7720,TRIV
7722,7
7724,7
7726,TRIV
7728,TRIV
7730,6
7732,TRIV
7734,7
7736,6
7738,TRIV
7740,5
7742,TRIV
7744,TRIV
7746,6
7748,5
7750,TRIV
7752,6
7754,13
7756,TRIV
7758,5
7760,9
7762,TRIV
7764,5
7766,5
7768,TRIV
7770,TRIV
7772,8
7774,TRIV
7776,6
7778,5
7780,TRIV
7782,10
7784,TRIV
7786,TRIV
7788,9
7790,6
7792,TRIV
7794,5
7796,5
7798,TRIV
7800,5
7802,6
7804,TRIV
7806,5
7808,5
7810,TRIV
7812,TRIV
7814,7
7816,TRIV
7818,6
7820,6
7822,TRIV
7824,8
7826,TRIV
7828,TRIV
7830,6
7832,46
7834,TRIV
7836,5
7838,5
7840,TRIV
7842,6
7844,5
7846,TRIV
7848,8
7850,7
7852,TRIV
7854,TRIV
7856,5
7858,TRIV
7860,6
7862,7
7864,TRIV
7866,5
7868,TRIV
7870,TRIV
7872,7
7874,5
7876,TRIV
7878,5
7880,7
7882,TRIV
7884,5
7886,14
7888,TRIV
7890,7
7892,110
7894,TRIV
7896,TRIV
7898,6
7900,TRIV
7902,18
7904,13
7906,TRIV
7908,6
7910,TRIV
7912,TRIV
7914,5
7916,7
7918,TRIV
7920,5
7922,7
7924,TRIV
7926,11
7928,6
7930,TRIV
7932,6
7934,19
7936,TRIV
7938,TRIV
7940,5
7942,TRIV
7944,5
7946,5
7948,TRIV
7950,10
7952,TRIV
7954,TRIV
7956,7
7958,5
7960,TRIV
7962,11
7964,8
7966,TRIV
7968,5
7970,5
7972,TRIV
7974,7
7976,5
7978,TRIV
7980,TRIV
7982,135
7984,TRIV
7986,5
7988,5
7990,TRIV
7992,15
7994,TRIV
7996,TRIV
7998,9
8000,5
8002,TRIV
8004,5
8006,42
8008,TRIV
8010,6
8012,8
8014,TRIV
8016,7
8018,40
8020,TRIV
8022,TRIV
8024,5
8026,TRIV
8028,5
8030,6
8032,TRIV
8034,17
8036,TRIV
8038,TRIV
8040,6
8042,7
8044,TRIV
8046,5
8048,9
8050,TRIV
8052,6
8054,5
8056,TRIV
8058,8
8060,5
8062,TRIV
8064,TRIV
8066,5
8068,TRIV
8070,5
8072,7
8074,TRIV
8076,5
8078,TRIV
8080,TRIV
8082,6
8084,7
8086,TRIV
8088,5
8090,7
8092,TRIV
8094,5
8096,17
8098,TRIV
8100,5
8102,6
8104,TRIV
8106,TRIV
8108,5
8110,TRIV
8112,6
8114,5
8116,TRIV
8118,5
8120,TRIV
8122,TRIV
8124,9
8126,5
8128,TRIV
8130,5
8132,6
8134,TRIV
8136,15
8138,5
8140,TRIV
8142,6
8144,5
8146,TRIV
8148,TRIV
8150,10
8152,TRIV
8154,7
8156,19
8158,TRIV
8160,5
8162,TRIV
8164,TRIV
8166,5
8168,6
8170,TRIV
8172,10
8174,8
8176,TRIV
8178,5
8180,5
8182,TRIV
8184,5
8186,15
8188,TRIV
8190,TRIV
8192,7
8194,TRIV
8196,6
8198,5
8200,TRIV
8202,7
8204,TRIV
8206,TRIV
8208,5
8210,5
8212,TRIV
8214,32
8216,6
8218,TRIV
8220,8
8222,8
8224,TRIV
8226,5
8228,13
8230,TRIV
8232,TRIV
8234,5
8236,TRIV
8238,12
8240,9
8242,TRIV
8244,5
8246,TRIV
8248,TRIV
8250,16
8252,6
8254,TRIV
8256,10
8258,6
8260,TRIV
8262,6
8264,5
8266,TRIV
8268,5
8270,5
8272,TRIV
8274,TRIV
8276,15
8278,TRIV
8280,5
8282,6
8284,TRIV
8286,5
8288,TRIV
8290,TRIV
8292,6
8294,5
8296,TRIV
8298,13
8300,8
8302,TRIV
8304,20
8306,5
8308,TRIV
8310,9
8312,7
8314,TRIV
8316,TRIV
8318,6
8320,TRIV
8322,32
8324,8
8326,TRIV
8328,6
8330,TRIV
8332,TRIV
8334,7
8336,6
8338,TRIV
8340,5
8342,8
8344,TRIV
8346,5
8348,12
8350,TRIV
8352,6
8354,8
8356,TRIV
8358,TRIV
8360,5
8362,TRIV
8364,5
8366,15
8368,TRIV
8370,6
8372,TRIV
8374,TRIV
8376,5
8378,5
8380,TRIV
8382,6
8384,5
8386,TRIV
8388,5
8390,10
8392,TRIV
8394,7
8396,6
8398,TRIV
8400,TRIV
8402,7
8404,TRIV
8406,17
8408,13
8410,TRIV
8412,8
8414,TRIV
8416,TRIV
8418,5
8420,5
8422,TRIV
8424,9
8426,15
8428,TRIV
8430,5
8432,8
8434,TRIV
8436,9
8438,5
8440,TRIV
8442,TRIV
8444,5
8446,TRIV
8448,6
8450,6
8452,TRIV
8454,5
8456,TRIV
8458,TRIV
8460,8
8462,23
8464,TRIV
8466,9
8468,9
8470,TRIV
8472,308
8474,20
8476,TRIV
8478,5
8480,6
8482,TRIV
8484,TRIV
8486,10
8488,TRIV
8490,5
8492,12
8494,TRIV
8496,5
8498,TRIV
8500,TRIV
8502,6
8504,9
8506,TRIV
8508,6
8510,5
8512,TRIV
8514,5
8516,5
8518,TRIV
8520,5
8522,14
8524,TRIV
8526,TRIV
8528,6
8530,TRIV
8532,19
8534,5
8536,TRIV
8538,5
8540,TRIV
8542,TRIV
8544,5
8546,6
8548,TRIV
8550,9
8552,6
8554,TRIV
8556,10
8558,8
8560,TRIV
8562,31
8564,5
8566,TRIV
8568,TRIV
8570,5
8572,TRIV
8574,5
8576,5
8578,TRIV
8580,12
8582,TRIV
8584,TRIV
8586,5
8588,5
8590,TRIV
8592,8
8594,7
8596,TRIV
8598,5
8600,6
8602,TRIV
8604,7
8606,7
8608,TRIV
8610,TRIV
8612,6
8614,TRIV
8616,5
8618,10
8620,TRIV
8622,103
8624,TRIV
8626,TRIV
8628,5
8630,11
8632,TRIV
8634,16
8636,5
8638,TRIV
8640,5
8642,7
8644,TRIV
8646,5
8648,6
8650,TRIV
8652,TRIV
8654,7
8656,TRIV
8658,6
8660,5
8662,TRIV
8664,13
8666,TRIV
8668,TRIV
8670,7
8672,15
8674,TRIV
8676,11
8678,6
8680,TRIV
8682,6
8684,5
8686,TRIV
8688,6
8690,5
8692,TRIV
8694,TRIV
8696,5
8698,TRIV
8700,6
8702,6
8704,TRIV
8706,5
8708,TRIV
8710,TRIV
8712,8
8714,5
8716,TRIV
8718,5
8720,5
8722,TRIV
8724,9
8726,5
8728,TRIV
8730,20
8732,6
8734,TRIV
8736,TRIV
8738,5
8740,TRIV
8742,6
8744,7
8746,TRIV
8748,5
8750,TRIV
8752,TRIV
8754,5
8756,6
8758,TRIV
8760,7
8762,6
8764,TRIV
8766,6
8768,5
8770,TRIV
8772,6
8774,8
8776,TRIV
8778,TRIV
8780,6
8782,TRIV
8784,8
8786,6
8788,TRIV
8790,5
8792,TRIV
8794,TRIV
8796,5
8798,5
8800,TRIV
8802,7
8804,9
8806,TRIV
8808,18
8810,9
8812,TRIV
8814,5
8816,10
8818,TRIV
8820,TRIV
8822,6
8824,TRIV
8826,7
8828,6
8830,TRIV
8832,11
8834,TRIV
8836,TRIV
8838,33
8840,12
8842,TRIV
8844,5
8846,6
8848,TRIV
8850,6
8852,60
8854,TRIV
8856,5
8858,5
8860,TRIV
8862,TRIV
8864,21
8866,TRIV
8868,8
8870,5
8872,TRIV
8874,5
8876,TRIV
8878,TRIV
8880,5
8882,10
8884,TRIV
8886,9
8888,5
8890,TRIV
8892,8
8894,8
8896,TRIV
8898,6
8900,5
8902,TRIV
8904,TRIV
8906,5
8908,TRIV
8910,6
8912,7
8914,TRIV
8916,26
8918,TRIV
8920,TRIV
8922,6
8924,5
8926,TRIV
8928,5
8930,5
8932,TRIV
8934,5
8936,11
8938,TRIV
8940,5
8942,6
8944,TRIV
8946,TRIV
8948,16
8950,TRIV
8952,10
8954,5
8956,TRIV
8958,14
8960,TRIV
8962,TRIV
8964,7
8966,5
8968,TRIV
8970,9
8972,6
8974,TRIV
8976,13
8978,5
8980,TRIV
8982,10
8984,5
8986,TRIV
8988,TRIV
8990,5
8992,TRIV
8994,20
8996,10
8998,TRIV
9000,6
9002,TRIV
9004,TRIV
9006,6
9008,13
9010,TRIV
9012,6
9014,5
9016,TRIV
9018,5
9020,10
9022,TRIV
9024,21
9026,13
9028,TRIV
9030,TRIV
9032,11
9034,TRIV
9036,9
9038,13
9040,TRIV
9042,7
9044,TRIV
9046,TRIV
9048,5
9050,5
9052,TRIV
9054,5
9056,13
9058,TRIV
9060,22
9062,6
9064,TRIV
9066,5
9068,8
9070,TRIV
9072,TRIV
9074,7
9076,TRIV
9078,6
9080,5
9082,TRIV
9084,5
9086,TRIV
9088,TRIV
9090,5
9092,6
9094,TRIV
9096,6
9098,9
9100,TRIV
9102,10
9104,5
9106,TRIV
9108,5
9110,8
9112,TRIV
9114,TRIV
9116,5
9118,TRIV
9120,5
9122,35
9124,TRIV
9126,5
9128,TRIV
9130,TRIV
9132,6
9134,5
9136,TRIV
9138,5
9140,7
9142,TRIV
9144,7
9146,6
9148,TRIV
9150,6
9152,6
9154,TRIV
9156,TRIV
9158,5
9160,TRIV
9162,7
9164,5
9166,TRIV
9168,5
9170,TRIV
9172,TRIV
9174,9
9176,7
9178,TRIV
9180,9
9182,11
9184,TRIV
9186,5
9188,6
9190,TRIV
9192,6
9194,13
9196,TRIV
9198,TRIV
9200,5
9202,TRIV
9204,5
9206,7
9208,TRIV
9210,6
9212,TRIV
9214,TRIV
9216,5
9218,5
9220,TRIV
9222,8
9224,5
9226,TRIV
9228,6
9230,5
9232,TRIV
9234,5
9236,6
9238,TRIV
9240,TRIV
9242,8
9244,TRIV
9246,5
9248,5
9250,TRIV
9252,11
9254,TRIV
9256,TRIV
9258,5
9260,5
9262,TRIV
9264,7
9266,5
9268,TRIV
9270,5
9272,6
9274,TRIV
9276,17
9278,5
9280,TRIV
9282,TRIV
9284,5
9286,TRIV
9288,12
9290,5
9292,TRIV
9294,9
9296,TRIV
9298,TRIV
9300,5
9302,6
9304,TRIV
9306,6
9308,5
9310,TRIV
9312,8
9314,15
9316,TRIV
9318,5
9320,5
9322,TRIV
9324,TRIV
9326,5
9328,TRIV
9330,5
9332,7
9334,TRIV
9336,53
9338,TRIV
9340,TRIV
9342,8
9344,7
9346,TRIV
9348,5
9350,5
9352,TRIV
9354,11
9356,5
9358,TRIV
9360,6
9362,6
9364,TRIV
9366,TRIV
9368,8
9370,TRIV
9372,7
9374,5
9376,TRIV
9378,6
9380,TRIV
9382,TRIV
9384,9
9386,6
9388,TRIV
9390,5
9392,10
9394,TRIV
9396,5
9398,17
9400,TRIV
9402,6
9404,7
9406,TRIV
9408,TRIV
9410,14
9412,TRIV
9414,5
9416,6
9418,TRIV
9420,8
9422,TRIV
9424,TRIV
9426,6
9428,77
9430,TRIV
9432,6
9434,12
9436,TRIV
9438,5
9440,8
9442,TRIV
9444,8
9446,6
9448,TRIV
9450,TRIV
9452,8
9454,TRIV
9456,5
9458,5
9460,TRIV
9462,6
9464,TRIV
9466,TRIV
9468,12
9470,6
9472,TRIV
9474,5
9476,5
9478,TRIV
9480,7
9482,7
9484,TRIV
9486,5
9488,6
9490,TRIV
9492,TRIV
9494,7
9496,TRIV
9498,5
9500,5
9502,TRIV
9504,8
9506,TRIV
9508,TRIV
9510,5
9512,7
9514,TRIV
9516,9
9518,6
9520,TRIV
9522,6
9524,5
9526,TRIV
9528,20
9530,7
9532,TRIV
9534,TRIV
9536,7
9538,TRIV
9540,6
9542,6
9544,TRIV
9546,7
9548,TRIV
9550,TRIV
9552,7
9554,5
9556,TRIV
9558,16
9560,5
9562,TRIV
9564,5
9566,15
9568,TRIV
9570,5
9572,7
9574,TRIV
9576,TRIV
9578,5
9580,TRIV
9582,7
9584,16
9586,TRIV
9588,5
9590,TRIV
9592,TRIV
9594,5
9596,5
9598,TRIV
9600,5
9602,20
9604,TRIV
9606,21
9608,6
9610,TRIV
9612,6
9614,5
9616,TRIV
9618,TRIV
9620,5
9622,TRIV
9624,24
9626,6
9628,TRIV
9630,5
9632,TRIV
9634,TRIV
9636,6
9638,6
9640,TRIV
9642,6
9644,24
9646,TRIV
9648,5
9650,6
9652,TRIV
9654,8
9656,5
9658,TRIV
9660,TRIV
9662,15
9664,TRIV
9666,11
9668,6
9670,TRIV
9672,7
9674,TRIV
9676,TRIV
9678,5
9680,5
9682,TRIV
9684,15
9686,5
9688,TRIV
9690,10
9692,12
9694,TRIV
9696,7
9698,5
9700,TRIV
9702,TRIV
9704,5
9706,TRIV
9708,6
9710,7
9712,TRIV
9714,7
9716,TRIV
9718,TRIV
9720,9
9722,6
9724,TRIV
9726,6
9728,5
9730,TRIV
9732,7
9734,63
9736,TRIV
9738,5
9740,53
9742,TRIV
9744,TRIV
9746,6
9748,TRIV
9750,5
9752,6
9754,TRIV
9756,9
9758,TRIV
9760,TRIV
9762,14
9764,5
9766,TRIV
9768,5
9770,8
9772,TRIV
9774,13
9776,6
9778,TRIV
9780,5
9782,6
9784,TRIV
9786,TRIV
9788,5
9790,TRIV
9792,6
9794,5
9796,TRIV
9798,12
9800,TRIV
9802,TRIV
9804,8
9806,5
9808,TRIV
9810,5
9812,6
9814,TRIV
9816,5
9818,10
9820,TRIV
9822,6
9824,5
9826,TRIV
9828,TRIV
9830,5
9832,TRIV
9834,13
9836,5
9838,TRIV
9840,5
9842,TRIV
9844,TRIV
9846,5
9848,5
9850,TRIV
9852,15
9854,17
9856,TRIV
9858,5
9860,5
9862,TRIV
9864,8
9866,7
9868,TRIV
9870,TRIV
9872,6
9874,TRIV
9876,6
9878,9
9880,TRIV
9882,270
9884,TRIV
9886,TRIV
9888,6
9890,5
9892,TRIV
9894,8
9896,5
9898,TRIV
9900,5
9902,6
9904,TRIV
9906,15
9908,5
9910,TRIV
9912,TRIV
9914,8
9916,TRIV
9918,12
9920,7
9922,TRIV
9924,5
9926,TRIV
9928,TRIV
9930,6
9932,6
9934,TRIV
9936,5
9938,5
9940,TRIV
9942,7
9944,5
9946,TRIV
9948,9
9950,5
9952,TRIV
9954,TRIV
9956,6
9958,TRIV
9960,7
9962,6
9964,TRIV
9966,5
9968,TRIV
9970,TRIV
9972,11
9974,5
9976,TRIV
9978,5
9980,5
9982,TRIV
9984,5
9986,9
9988,TRIV
9990,8
9992,14
9994,TRIV
9996,TRIV
9998,8
10000,TRIV