1,TRIV
3,1
5,TRIV
7,TRIV
9,3
11,2
13,TRIV
15,TRIV
17,2
19,TRIV
21,2
23,3
25,TRIV
27,2
29,2
31,TRIV
33,2
35,TRIV
37,TRIV
39,2
41,2
43,TRIV
45,TRIV
47,2
49,TRIV
51,4
53,2
55,TRIV
57,2
59,2
61,TRIV
63,2
65,TRIV
67,TRIV
69,2
71,2
73,TRIV
75,TRIV
77,2
79,TRIV
81,2
83,2
85,TRIV
87,2
89,2
91,TRIV
93,2
95,TRIV
97,TRIV
99,4
101,12
103,TRIV
105,TRIV
107,9
109,TRIV
111,7
113,3
115,TRIV
117,3
119,3
121,TRIV
123,3
125,TRIV
127,TRIV
129,4
131,22
133,TRIV
135,TRIV
137,3
139,TRIV
141,3
143,3
145,TRIV
147,3
149,4
151,TRIV
153,8
155,TRIV
157,TRIV
159,36
161,3
163,TRIV
165,TRIV
167,4
169,TRIV
171,3
173,3
175,TRIV
177,3
179,3
181,TRIV
183,4
185,TRIV
187,TRIV
189,3
191,3
193,TRIV
195,TRIV
197,4
199,TRIV
201,13
203,3
205,TRIV
207,5
209,4
211,TRIV
213,3
215,TRIV
217,TRIV
219,4
221,89
223,TRIV
225,TRIV
227,3
229,TRIV
231,3
233,4
235,TRIV
237,6
239,3
241,TRIV
243,3
245,TRIV
247,TRIV
249,3
251,4
253,TRIV
255,TRIV
257,3
259,TRIV
261,3
263,18
265,TRIV
267,3
269,11
271,TRIV
273,3
275,TRIV
277,TRIV
279,4
281,3
283,TRIV
285,TRIV
287,5
289,TRIV
291,3
293,5
295,TRIV
297,8
299,3
301,TRIV
303,4
305,TRIV
307,TRIV
309,3
311,4
313,TRIV
315,TRIV
317,3
319,TRIV
321,4
323,3
325,TRIV
327,3
329,6
331,TRIV
333,5
335,TRIV
337,TRIV
339,3
341,3
343,TRIV
345,TRIV
347,3
349,TRIV
351,4
353,3
355,TRIV
357,3
359,3
361,TRIV
363,7
365,TRIV
367,TRIV
369,3
371,4
373,TRIV
375,TRIV
377,4
379,TRIV
381,3
383,3
385,TRIV
387,3
389,5
391,TRIV
393,3
395,TRIV
397,TRIV
399,3
401,3
403,TRIV
405,TRIV
407,3
409,TRIV
411,8
413,3
415,TRIV
417,1640
419,5
421,TRIV
423,3
425,TRIV
427,TRIV
429,3
431,3
433,TRIV
435,TRIV
437,3
439,TRIV
441,5
443,3
445,TRIV
447,6
449,4
451,TRIV
453,3
455,TRIV
457,TRIV
459,3
461,4
463,TRIV
465,TRIV
467,4
469,TRIV
471,5
473,5
475,TRIV
477,3
479,3
481,TRIV
483,8
485,TRIV
487,TRIV
489,4
491,3
493,TRIV
495,TRIV
497,3
499,TRIV
501,3
503,4
505,TRIV
507,633
509,3
511,TRIV
513,3
515,TRIV
517,TRIV
519,7
521,3
523,TRIV
525,TRIV
527,4
529,TRIV
531,5
533,3
535,TRIV
537,3
539,3
541,TRIV
543,3
545,TRIV
547,TRIV
549,6
551,3
553,TRIV
555,TRIV
557,3
559,TRIV
561,3
563,4
565,TRIV
567,3
569,3
571,TRIV
573,925
575,TRIV
577,TRIV
579,3
581,3
583,TRIV
585,TRIV
587,4
589,TRIV
591,3
593,22
595,TRIV
597,4
599,3
601,TRIV
603,3
605,TRIV
607,TRIV
609,4
611,3
613,TRIV
615,TRIV
617,3
619,TRIV
621,3
623,4
625,TRIV
627,3
629,4
631,TRIV
633,3
635,TRIV
637,TRIV
639,53
641,3
643,TRIV
645,TRIV
647,3
649,TRIV
651,3
653,3
655,TRIV
657,4
659,4
661,TRIV
663,3
665,TRIV
667,TRIV
669,3
671,6
673,TRIV
675,TRIV
677,4
679,TRIV
681,4
683,3
685,TRIV
687,3
689,3
691,TRIV
693,3
695,TRIV
697,TRIV
699,12
701,7
703,TRIV
705,TRIV
707,3
709,TRIV
711,5
713,6
715,TRIV
717,3
719,3
721,TRIV
723,3
725,TRIV
727,TRIV
729,3
731,3
733,TRIV
735,TRIV
737,3
739,TRIV
741,5
743,3
745,TRIV
747,10
749,3
751,TRIV
753,8
755,TRIV
757,TRIV
759,3
761,3
763,TRIV
765,TRIV
767,3
769,TRIV
771,3
773,3
775,TRIV
777,3
779,4
781,TRIV
783,6
785,TRIV
787,TRIV
789,3
791,4
793,TRIV
795,TRIV
797,4
799,TRIV
801,3
803,3
805,TRIV
807,3
809,3
811,TRIV
813,4
815,TRIV
817,TRIV
819,3
821,3
823,TRIV
825,TRIV
827,3
829,TRIV
831,6
833,3
835,TRIV
837,3
839,4
841,TRIV
843,3
845,TRIV
847,TRIV
849,3
851,3
853,TRIV
855,TRIV
857,12
859,TRIV
861,3
863,3
865,TRIV
867,4
869,3
871,TRIV
873,3
875,TRIV
877,TRIV
879,18
881,5
883,TRIV
885,TRIV
887,3
889,TRIV
891,3
893,3
895,TRIV
897,3
899,3
901,TRIV
903,3
905,TRIV
907,TRIV
909,4
911,3
913,TRIV
915,TRIV
917,3
919,TRIV
921,3
923,8
925,TRIV
927,3
929,3
931,TRIV
933,3
935,TRIV
937,TRIV
939,3
941,3
943,TRIV
945,TRIV
947,3
949,TRIV
951,4
953,3
955,TRIV
957,3
959,3
961,TRIV
963,3
965,TRIV
967,TRIV
969,3
971,3
973,TRIV
975,TRIV
977,3
979,TRIV
981,3
983,3
985,TRIV
987,3
989,3
991,TRIV
993,3
995,TRIV
997,TRIV
999,4
1001,4
1003,TRIV
1005,TRIV
1007,5
1009,TRIV
1011,6
1013,13
1015,TRIV
1017,6
1019,5
1021,TRIV
1023,7
1025,TRIV
1027,TRIV
1029,4
1031,4
1033,TRIV
1035,TRIV
1037,4
1039,TRIV
1041,9
1043,6
1045,TRIV
1047,5
1049,4
1051,TRIV
1053,5
1055,TRIV
1057,TRIV
1059,4
1061,5
1063,TRIV
1065,TRIV
1067,4
1069,TRIV
1071,4
1073,5
1075,TRIV
1077,4
1079,9
1081,TRIV
1083,6
1085,TRIV
1087,TRIV
1089,5
1091,5
1093,TRIV
1095,TRIV
1097,7
1099,TRIV
1101,5
1103,5
1105,TRIV
1107,4
1109,8
1111,TRIV
1113,4
1115,TRIV
1117,TRIV
1119,11
1121,50
1123,TRIV
1125,TRIV
1127,5
1129,TRIV
1131,5
1133,4
1135,TRIV
1137,4
1139,4
1141,TRIV
1143,6
1145,TRIV
1147,TRIV
1149,7
1151,4
1153,TRIV
1155,TRIV
1157,6
1159,TRIV
1161,4
1163,4
1165,TRIV
1167,27
1169,4
1171,TRIV
1173,33
1175,TRIV
1177,TRIV
1179,4
1181,4
1183,TRIV
1185,TRIV
1187,6
1189,TRIV
1191,5
1193,4
1195,TRIV
1197,4
1199,5
1201,TRIV
1203,7
1205,TRIV
1207,TRIV
1209,16
1211,9
1213,TRIV
1215,TRIV
1217,4
1219,TRIV
1221,4
1223,7
1225,TRIV
1227,5
1229,12
1231,TRIV
1233,11
1235,TRIV
1237,TRIV
1239,4
1241,6
1243,TRIV
1245,TRIV
1247,4
1249,TRIV
1251,6
1253,4
1255,TRIV
1257,6
1259,4
1261,TRIV
1263,4
1265,TRIV
1267,TRIV
1269,4
1271,5
1273,TRIV
1275,TRIV
1277,27
1279,TRIV
1281,4
1283,5
1285,TRIV
1287,4
1289,5
1291,TRIV
1293,4
1295,TRIV
1297,TRIV
1299,7
1301,4
1303,TRIV
1305,TRIV
1307,4
1309,TRIV
1311,4
1313,6
1315,TRIV
1317,9
1319,4
1321,TRIV
1323,4
1325,TRIV
1327,TRIV
1329,20
1331,4
1333,TRIV
1335,TRIV
1337,4
1339,TRIV
1341,5672
1343,79
1345,TRIV
1347,6
1349,6
1351,TRIV
1353,4
1355,TRIV
1357,TRIV
1359,4
1361,5
1363,TRIV
1365,TRIV
1367,6
1369,TRIV
1371,4
1373,4
1375,TRIV
1377,4
1379,5
1381,TRIV
1383,6
1385,TRIV
1387,TRIV
1389,8
1391,4
1393,TRIV
1395,TRIV
1397,7
1399,TRIV
1401,4
1403,4
1405,TRIV
1407,2708
1409,11
1411,TRIV
1413,7
1415,TRIV
1417,TRIV
1419,4
1421,13
1423,TRIV
1425,TRIV
1427,4
1429,TRIV
1431,47
1433,12
1435,TRIV
1437,4
1439,5
1441,TRIV
1443,7
1445,TRIV
1447,TRIV
1449,6
1451,10
1453,TRIV
1455,TRIV
1457,4
1459,TRIV
1461,4
1463,4
1465,TRIV
1467,5
1469,12
1471,TRIV
1473,4
1475,TRIV
1477,TRIV
1479,4
1481,5
1483,TRIV
1485,TRIV
1487,4
1489,TRIV
1491,9
1493,5
1495,TRIV
1497,17
1499,4
1501,TRIV
1503,6
1505,TRIV
1507,TRIV
1509,5
1511,13
1513,TRIV
1515,TRIV
1517,24
1519,TRIV
1521,5
1523,38
1525,TRIV
1527,5
1529,6
1531,TRIV
1533,4
1535,TRIV
1537,TRIV
1539,4
1541,5
1543,TRIV
1545,TRIV
1547,5
1549,TRIV
1551,8
1553,4
1555,TRIV
1557,4
1559,7
1561,TRIV
1563,15
1565,TRIV
1567,TRIV
1569,4
1571,4
1573,TRIV
1575,TRIV
1577,4
1579,TRIV
1581,4
1583,8
1585,TRIV
1587,7
1589,5
1591,TRIV
1593,5
1595,TRIV
1597,TRIV
1599,10
1601,6
1603,TRIV
1605,TRIV
1607,7
1609,TRIV
1611,4
1613,4
1615,TRIV
1617,15
1619,6
1621,TRIV
1623,4
1625,TRIV
1627,TRIV
1629,151
1631,4
1633,TRIV
1635,TRIV
1637,4
1639,TRIV
1641,96
1643,8
1645,TRIV
1647,4
1649,48
1651,TRIV
1653,5
1655,TRIV
1657,TRIV
1659,11
1661,9
1663,TRIV
1665,TRIV
1667,7
1669,TRIV
1671,4
1673,5
1675,TRIV
1677,5
1679,5
1681,TRIV
1683,4
1685,TRIV
1687,TRIV
1689,4
1691,7
1693,TRIV
1695,TRIV
1697,16
1699,TRIV
1701,5
1703,4
1705,TRIV
1707,4
1709,4
1711,TRIV
1713,4
1715,TRIV
1717,TRIV
1719,6
1721,7
1723,TRIV
1725,TRIV
1727,4
1729,TRIV
1731,4
1733,15
1735,TRIV
1737,4
1739,9
1741,TRIV
1743,5
1745,TRIV
1747,TRIV
1749,5
1751,7
1753,TRIV
1755,TRIV
1757,4
1759,TRIV
1761,7
1763,4
1765,TRIV
1767,4
1769,4
1771,TRIV
1773,5
1775,TRIV
1777,TRIV
1779,4
1781,4
1783,TRIV
1785,TRIV
1787,5
1789,TRIV
1791,4
1793,5
1795,TRIV
1797,7
1799,6
1801,TRIV
1803,6
1805,TRIV
1807,TRIV
1809,4
1811,14
1813,TRIV
1815,TRIV
1817,9
1819,TRIV
1821,4
1823,14
1825,TRIV
1827,7
1829,4
1831,TRIV
1833,4
1835,TRIV
1837,TRIV
1839,4
1841,10
1843,TRIV
1845,TRIV
1847,308
1849,TRIV
1851,10
1853,4
1855,TRIV
1857,5
1859,7
1861,TRIV
1863,9
1865,TRIV
1867,TRIV
1869,26
1871,5
1873,TRIV
1875,TRIV
1877,4
1879,TRIV
1881,7
1883,4
1885,TRIV
1887,19
1889,4
1891,TRIV
1893,9
1895,TRIV
1897,TRIV
1899,4
1901,7
1903,TRIV
1905,TRIV
1907,4
1909,TRIV
1911,4
1913,4
1915,TRIV
1917,6
1919,4
1921,TRIV
1923,6
1925,TRIV
1927,TRIV
1929,6
1931,4
1933,TRIV
1935,TRIV
1937,13
1939,TRIV
1941,4
1943,5
1945,TRIV
1947,4
1949,8
1951,TRIV
1953,5
1955,TRIV
1957,TRIV
1959,5
1961,4
1963,TRIV
1965,TRIV
1967,7
1969,TRIV
1971,6
1973,6
1975,TRIV
1977,9
1979,8
1981,TRIV
1983,4
1985,TRIV
1987,TRIV
1989,4
1991,4
1993,TRIV
1995,TRIV
1997,9
1999,TRIV
2001,16
2003,7
2005,TRIV
2007,4
2009,6
2011,TRIV
2013,5
2015,TRIV
2017,TRIV
2019,8
2021,14
2023,TRIV
2025,TRIV
2027,5
2029,TRIV
2031,7
2033,5
2035,TRIV
2037,4
2039,5
2041,TRIV
2043,7
2045,TRIV
2047,TRIV
2049,4
2051,4
2053,TRIV
2055,TRIV
2057,5
2059,TRIV
2061,12
2063,4
2065,TRIV
2067,4
2069,5
2071,TRIV
2073,4
2075,TRIV
2077,TRIV
2079,10
2081,4
2083,TRIV
2085,TRIV
2087,7
2089,TRIV
2091,87
2093,4
2095,TRIV
2097,14
2099,4
2101,TRIV
2103,6
2105,TRIV
2107,TRIV
2109,6
2111,6
2113,TRIV
2115,TRIV
2117,4
2119,TRIV
2121,4
2123,4
2125,TRIV
2127,4
2129,5
2131,TRIV
2133,4
2135,TRIV
2137,TRIV
2139,5
2141,5
2143,TRIV
2145,TRIV
2147,4
2149,TRIV
2151,5
2153,5
2155,TRIV
2157,5
2159,4
2161,TRIV
2163,8
2165,TRIV
2167,TRIV
2169,7
2171,4
2173,TRIV
2175,TRIV
2177,4
2179,TRIV
2181,11
2183,4
2185,TRIV
2187,5
2189,6
2191,TRIV
2193,6
2195,TRIV
2197,TRIV
2199,68
2201,39
2203,TRIV
2205,TRIV
2207,4
2209,TRIV
2211,4
2213,5
2215,TRIV
2217,6
2219,36
2221,TRIV
2223,5
2225,TRIV
2227,TRIV
2229,5
2231,6
2233,TRIV
2235,TRIV
2237,14
2239,TRIV
2241,4
2243,4
2245,TRIV
2247,4
2249,6
2251,TRIV
2253,7
2255,TRIV
2257,TRIV
2259,4
2261,6
2263,TRIV
2265,TRIV
2267,11
2269,TRIV
2271,5
2273,4
2275,TRIV
2277,4
2279,12
2281,TRIV
2283,4
2285,TRIV
2287,TRIV
2289,5
2291,57
2293,TRIV
2295,TRIV
2297,4
2299,TRIV
2301,4
2303,7
2305,TRIV
2307,6
2309,4
2311,TRIV
2313,4
2315,TRIV
2317,TRIV
2319,4
2321,8
2323,TRIV
2325,TRIV
2327,4
2329,TRIV
2331,4
2333,35
2335,TRIV
2337,6
2339,7
2341,TRIV
2343,21
2345,TRIV
2347,TRIV
2349,5
2351,4
2353,TRIV
2355,TRIV
2357,4
2359,TRIV
2361,4
2363,6
2365,TRIV
2367,11
2369,23
2371,TRIV
2373,6
2375,TRIV
2377,TRIV
2379,4
2381,8
2383,TRIV
2385,TRIV
2387,5
2389,TRIV
2391,5
2393,4
2395,TRIV
2397,4
2399,7
2401,TRIV
2403,6
2405,TRIV
2407,TRIV
2409,4
2411,4
2413,TRIV
2415,TRIV
2417,4
2419,TRIV
2421,5
2423,4
2425,TRIV
2427,4
2429,5
2431,TRIV
2433,9
2435,TRIV
2437,TRIV
2439,4
2441,4
2443,TRIV
2445,TRIV
2447,5
2449,TRIV
2451,4
2453,4
2455,TRIV
2457,8
2459,4
2461,TRIV
2463,4
2465,TRIV
2467,TRIV
2469,8
2471,4
2473,TRIV
2475,TRIV
2477,4
2479,TRIV
2481,10
2483,4
2485,TRIV
2487,13
2489,5
2491,TRIV
2493,4
2495,TRIV
2497,TRIV
2499,5
2501,4
2503,TRIV
2505,TRIV
2507,8
2509,TRIV
2511,4
2513,4
2515,TRIV
2517,7
2519,4
2521,TRIV
2523,4
2525,TRIV
2527,TRIV
2529,18
2531,31
2533,TRIV
2535,TRIV
2537,5
2539,TRIV
2541,4
2543,4
2545,TRIV
2547,5
2549,4
2551,TRIV
2553,13
2555,TRIV
2557,TRIV
2559,5
2561,6
2563,TRIV
2565,TRIV
2567,4
2569,TRIV
2571,5
2573,6
2575,TRIV
2577,5
2579,21
2581,TRIV
2583,4
2585,TRIV
2587,TRIV
2589,4
2591,10
2593,TRIV
2595,TRIV
2597,9
2599,TRIV
2601,39
2603,5
2605,TRIV
2607,4
2609,6
2611,TRIV
2613,5
2615,TRIV
2617,TRIV
2619,5
2621,5
2623,TRIV
2625,TRIV
2627,5
2629,TRIV
2631,4
2633,5
2635,TRIV
2637,27
2639,150
2641,TRIV
2643,6
2645,TRIV
2647,TRIV
2649,4
2651,4
2653,TRIV
2655,TRIV
2657,6
2659,TRIV
2661,28
2663,15
2665,TRIV
2667,4
2669,4
2671,TRIV
2673,5
2675,TRIV
2677,TRIV
2679,4
2681,6
2683,TRIV
2685,TRIV
2687,10
2689,TRIV
2691,4
2693,4
2695,TRIV
2697,5
2699,5
2701,TRIV
2703,4
2705,TRIV
2707,TRIV
2709,7
2711,84
2713,TRIV
2715,TRIV
2717,4
2719,TRIV
2721,6
2723,12
2725,TRIV
2727,6
2729,19
2731,TRIV
2733,6
2735,TRIV
2737,TRIV
2739,19
2741,5
2743,TRIV
2745,TRIV
2747,4
2749,TRIV
2751,9
2753,4
2755,TRIV
2757,4
2759,5
2761,TRIV
2763,4
2765,TRIV
2767,TRIV
2769,5
2771,4
2773,TRIV
2775,TRIV
2777,13
2779,TRIV
2781,4
2783,27
2785,TRIV
2787,4
2789,4
2791,TRIV
2793,4
2795,TRIV
2797,TRIV
2799,6
2801,16
2803,TRIV
2805,TRIV
2807,4
2809,TRIV
2811,7
2813,4
2815,TRIV
2817,57
2819,9
2821,TRIV
2823,4
2825,TRIV
2827,TRIV
2829,5
2831,5
2833,TRIV
2835,TRIV
2837,6
2839,TRIV
2841,4
2843,5
2845,TRIV
2847,6
2849,4
2851,TRIV
2853,6
2855,TRIV
2857,TRIV
2859,6
2861,19
2863,TRIV
2865,TRIV
2867,7
2869,TRIV
2871,4
2873,4
2875,TRIV
2877,6
2879,4
2881,TRIV
2883,5
2885,TRIV
2887,TRIV
2889,6
2891,4
2893,TRIV
2895,TRIV
2897,4
2899,TRIV
2901,6
2903,6
2905,TRIV
2907,7
2909,6
2911,TRIV
2913,7
2915,TRIV
2917,TRIV
2919,5
2921,4
2923,TRIV
2925,TRIV
2927,5
2929,TRIV
2931,4
2933,8
2935,TRIV
2937,7
2939,19
2941,TRIV
2943,4
2945,TRIV
2947,TRIV
2949,25
2951,7
2953,TRIV
2955,TRIV
2957,4
2959,TRIV
2961,4
2963,6
2965,TRIV
2967,7
2969,16
2971,TRIV
2973,4
2975,TRIV
2977,TRIV
2979,5
2981,4
2983,TRIV
2985,TRIV
2987,4
2989,TRIV
2991,598
2993,5
2995,TRIV
2997,5
2999,4
3001,TRIV
3003,4
3005,TRIV
3007,TRIV
3009,4
3011,5
3013,TRIV
3015,TRIV
3017,4
3019,TRIV
3021,5
3023,4
3025,TRIV
3027,5
3029,4
3031,TRIV
3033,4
3035,TRIV
3037,TRIV
3039,4
3041,4
3043,TRIV
3045,TRIV
3047,5
3049,TRIV
3051,4
3053,4
3055,TRIV
3057,46
3059,13
3061,TRIV
3063,7
3065,TRIV
3067,TRIV
3069,5
3071,7
3073,TRIV
3075,TRIV
3077,13
3079,TRIV
3081,9
3083,4
3085,TRIV
3087,9
3089,4
3091,TRIV
3093,4
3095,TRIV
3097,TRIV
3099,9
3101,4
3103,TRIV
3105,TRIV
3107,5
3109,TRIV
3111,10
3113,6
3115,TRIV
3117,4
3119,6
3121,TRIV
3123,14
3125,TRIV
3127,TRIV
3129,4
3131,4
3133,TRIV
3135,TRIV
3137,4
3139,TRIV
3141,6
3143,4
3145,TRIV
3147,33
3149,5
3151,TRIV
3153,5
3155,TRIV
3157,TRIV
3159,4
3161,11
3163,TRIV
3165,TRIV
3167,4
3169,TRIV
3171,4
3173,4
3175,TRIV
3177,4
3179,5
3181,TRIV
3183,7
3185,TRIV
3187,TRIV
3189,6
3191,7
3193,TRIV
3195,TRIV
3197,4
3199,TRIV
3201,5
3203,5
3205,TRIV
3207,4
3209,4
3211,TRIV
3213,5
3215,TRIV
3217,TRIV
3219,4
3221,4
3223,TRIV
3225,TRIV
3227,11
3229,TRIV
3231,5
3233,18
3235,TRIV
3237,4
3239,4
3241,TRIV
3243,5
3245,TRIV
3247,TRIV
3249,7
3251,5
3253,TRIV
3255,TRIV
3257,43
3259,TRIV
3261,5
3263,4
3265,TRIV
3267,4
3269,5
3271,TRIV
3273,9
3275,TRIV
3277,TRIV
3279,33
3281,4
3283,TRIV
3285,TRIV
3287,11
3289,TRIV
3291,4
3293,9
3295,TRIV
3297,4
3299,4
3301,TRIV
3303,5
3305,TRIV
3307,TRIV
3309,4
3311,4
3313,TRIV
3315,TRIV
3317,13
3319,TRIV
3321,4
3323,9
3325,TRIV
3327,4
3329,5
3331,TRIV
3333,5
3335,TRIV
3337,TRIV
3339,4
3341,4
3343,TRIV
3345,TRIV
3347,4
3349,TRIV
3351,6
3353,6
3355,TRIV
3357,5
3359,20
3361,TRIV
3363,4
3365,TRIV
3367,TRIV
3369,6
3371,6
3373,TRIV
3375,TRIV
3377,12
3379,TRIV
3381,4
3383,6
3385,TRIV
3387,14
3389,9
3391,TRIV
3393,4
3395,TRIV
3397,TRIV
3399,5
3401,4
3403,TRIV
3405,TRIV
3407,7
3409,TRIV
3411,5
3413,5
3415,TRIV
3417,7
3419,4
3421,TRIV
3423,4
3425,TRIV
3427,TRIV
3429,4
3431,4
3433,TRIV
3435,TRIV
3437,4
3439,TRIV
3441,13
3443,5
3445,TRIV
3447,4
3449,4
3451,TRIV
3453,4
3455,TRIV
3457,TRIV
3459,7
3461,6
3463,TRIV
3465,TRIV
3467,13
3469,TRIV
3471,4
3473,5
3475,TRIV
3477,7
3479,4
3481,TRIV
3483,5
3485,TRIV
3487,TRIV
3489,6
3491,7
3493,TRIV
3495,TRIV
3497,14
3499,TRIV
3501,10
3503,5
3505,TRIV
3507,5
3509,4
3511,TRIV
3513,5
3515,TRIV
3517,TRIV
3519,4
3521,5
3523,TRIV
3525,TRIV
3527,4
3529,TRIV
3531,4
3533,10
3535,TRIV
3537,10
3539,5
3541,TRIV
3543,5
3545,TRIV
3547,TRIV
3549,4
3551,4
3553,TRIV
3555,TRIV
3557,5
3559,TRIV
3561,13
3563,10
3565,TRIV
3567,26
3569,5
3571,TRIV
3573,4
3575,TRIV
3577,TRIV
3579,4
3581,5
3583,TRIV
3585,TRIV
3587,119
3589,TRIV
3591,6
3593,6
3595,TRIV
3597,6
3599,5
3601,TRIV
3603,4
3605,TRIV
3607,TRIV
3609,11
3611,4
3613,TRIV
3615,TRIV
3617,9
3619,TRIV
3621,4
3623,5
3625,TRIV
3627,4
3629,12
3631,TRIV
3633,4
3635,TRIV
3637,TRIV
3639,4
3641,4
3643,TRIV
3645,TRIV
3647,4
3649,TRIV
3651,86
3653,59
3655,TRIV
3657,4
3659,9
3661,TRIV
3663,4
3665,TRIV
3667,TRIV
3669,5
3671,4
3673,TRIV
3675,TRIV
3677,4
3679,TRIV
3681,14
3683,4
3685,TRIV
3687,7
3689,4
3691,TRIV
3693,9
3695,TRIV
3697,TRIV
3699,4
3701,4
3703,TRIV
3705,TRIV
3707,5
3709,TRIV
3711,5
3713,4
3715,TRIV
3717,10
3719,5
3721,TRIV
3723,4
3725,TRIV
3727,TRIV
3729,4
3731,4
3733,TRIV
3735,TRIV
3737,4
3739,TRIV
3741,5
3743,4
3745,TRIV
3747,6
3749,8
3751,TRIV
3753,4
3755,TRIV
3757,TRIV
3759,7
3761,78
3763,TRIV
3765,TRIV
3767,5
3769,TRIV
3771,4
3773,9
3775,TRIV
3777,5
3779,4
3781,TRIV
3783,4
3785,TRIV
3787,TRIV
3789,4
3791,6
3793,TRIV
3795,TRIV
3797,4
3799,TRIV
3801,4
3803,4
3805,TRIV
3807,13
3809,8
3811,TRIV
3813,6
3815,TRIV
3817,TRIV
3819,5
3821,5
3823,TRIV
3825,TRIV
3827,4
3829,TRIV
3831,6
3833,5
3835,TRIV
3837,4
3839,6
3841,TRIV
3843,5
3845,TRIV
3847,TRIV
3849,4
3851,5
3853,TRIV
3855,TRIV
3857,4
3859,TRIV
3861,7
3863,5
3865,TRIV
3867,4
3869,4
3871,TRIV
3873,11
3875,TRIV
3877,TRIV
3879,4
3881,6
3883,TRIV
3885,TRIV
3887,4
3889,TRIV
3891,6
3893,14
3895,TRIV
3897,6
3899,4
3901,TRIV
3903,5
3905,TRIV
3907,TRIV
3909,4
3911,4
3913,TRIV
3915,TRIV
3917,13
3919,TRIV
3921,4
3923,8
3925,TRIV
3927,4
3929,9
3931,TRIV
3933,4
3935,TRIV
3937,TRIV
3939,27
3941,5
3943,TRIV
3945,TRIV
3947,4
3949,TRIV
3951,6
3953,4
3955,TRIV
3957,4
3959,24
3961,TRIV
3963,4
3965,TRIV
3967,TRIV
3969,9
3971,4
3973,TRIV
3975,TRIV
3977,11
3979,TRIV
3981,6
3983,5
3985,TRIV
3987,5
3989,4
3991,TRIV
3993,4
3995,TRIV
3997,TRIV
3999,5
4001,8
4003,TRIV
4005,TRIV
4007,9
4009,TRIV
4011,5
4013,4
4015,TRIV
4017,6
4019,4
4021,TRIV
4023,10
4025,TRIV
4027,TRIV
4029,5
4031,25
4033,TRIV
4035,TRIV
4037,18
4039,TRIV
4041,5
4043,5
4045,TRIV
4047,4
4049,21
4051,TRIV
4053,5
4055,TRIV
4057,TRIV
4059,6
4061,4
4063,TRIV
4065,TRIV
4067,8
4069,TRIV
4071,5
4073,4
4075,TRIV
4077,4
4079,9
4081,TRIV
4083,5
4085,TRIV
4087,TRIV
4089,5
4091,6
4093,TRIV
4095,TRIV
4097,4
4099,TRIV
4101,8
4103,4
4105,TRIV
4107,8
4109,5
4111,TRIV
4113,6
4115,TRIV
4117,TRIV
4119,4
4121,4
4123,TRIV
4125,TRIV
4127,5
4129,TRIV
4131,4
4133,4
4135,TRIV
4137,1047
4139,4
4141,TRIV
4143,4
4145,TRIV
4147,TRIV
4149,4
4151,4
4153,TRIV
4155,TRIV
4157,4
4159,TRIV
4161,4
4163,7
4165,TRIV
4167,6
4169,7
4171,TRIV
4173,4
4175,TRIV
4177,TRIV
4179,4
4181,5
4183,TRIV
4185,TRIV
4187,4
4189,TRIV
4191,9
4193,4
4195,TRIV
4197,5
4199,4
4201,TRIV
4203,15
4205,TRIV
4207,TRIV
4209,4
4211,5
4213,TRIV
4215,TRIV
4217,4
4219,TRIV
4221,4
4223,46
4225,TRIV
4227,5
4229,8
4231,TRIV
4233,8
4235,TRIV
4237,TRIV
4239,25
4241,23
4243,TRIV
4245,TRIV
4247,25
4249,TRIV
4251,4
4253,5
4255,TRIV
4257,4
4259,4
4261,TRIV
4263,4
4265,TRIV
4267,TRIV
4269,5
4271,14
4273,TRIV
4275,TRIV
4277,5
4279,TRIV
4281,6
4283,4
4285,TRIV
4287,5
4289,4
4291,TRIV
4293,5
4295,TRIV
4297,TRIV
4299,4
4301,6
4303,TRIV
4305,TRIV
4307,4
4309,TRIV
4311,4
4313,35
4315,TRIV
4317,4
4319,8
4321,TRIV
4323,6
4325,TRIV
4327,TRIV
4329,8
4331,4
4333,TRIV
4335,TRIV
4337,6
4339,TRIV
4341,4
4343,4
4345,TRIV
4347,4
4349,4
4351,TRIV
4353,4
4355,TRIV
4357,TRIV
4359,4
4361,4
4363,TRIV
4365,TRIV
4367,5
4369,TRIV
4371,5
4373,9
4375,TRIV
4377,4
4379,5
4381,TRIV
4383,5
4385,TRIV
4387,TRIV
4389,6
4391,11
4393,TRIV
4395,TRIV
4397,5
4399,TRIV
4401,7
4403,5
4405,TRIV
4407,6
4409,4
4411,TRIV
4413,6
4415,TRIV
4417,TRIV
4419,4
4421,212
4423,TRIV
4425,TRIV
4427,4
4429,TRIV
4431,4
4433,6
4435,TRIV
4437,4
4439,5
4441,TRIV
4443,4
4445,TRIV
4447,TRIV
4449,6
4451,5
4453,TRIV
4455,TRIV
4457,13
4459,TRIV
4461,5
4463,12
4465,TRIV
4467,7
4469,4
4471,TRIV
4473,4
4475,TRIV
4477,TRIV
4479,4
4481,4
4483,TRIV
4485,TRIV
4487,6
4489,TRIV
4491,17
4493,4
4495,TRIV
4497,4
4499,4
4501,TRIV
4503,7
4505,TRIV
4507,TRIV
4509,214
4511,891
4513,TRIV
4515,TRIV
4517,4
4519,TRIV
4521,4
4523,4
4525,TRIV
4527,14
4529,4
4531,TRIV
4533,5
4535,TRIV
4537,TRIV
4539,5
4541,14
4543,TRIV
4545,TRIV
4547,8
4549,TRIV
4551,4
4553,6
4555,TRIV
4557,4
4559,4
4561,TRIV
4563,4
4565,TRIV
4567,TRIV
4569,4
4571,5
4573,TRIV
4575,TRIV
4577,13
4579,TRIV
4581,4
4583,4
4585,TRIV
4587,4
4589,7
4591,TRIV
4593,4
4595,TRIV
4597,TRIV
4599,5
4601,4
4603,TRIV
4605,TRIV
4607,4
4609,TRIV
4611,21
4613,4
4615,TRIV
4617,5
4619,4
4621,TRIV
4623,6
4625,TRIV
4627,TRIV
4629,11
4631,5
4633,TRIV
4635,TRIV
4637,6
4639,TRIV
4641,10
4643,13
4645,TRIV
4647,10
4649,4
4651,TRIV
4653,4
4655,TRIV
4657,TRIV
4659,6
4661,5
4663,TRIV
4665,TRIV
4667,4
4669,TRIV
4671,6
4673,5
4675,TRIV
4677,4
4679,44
4681,TRIV
4683,5
4685,TRIV
4687,TRIV
4689,5
4691,4
4693,TRIV
4695,TRIV
4697,4
4699,TRIV
4701,11
4703,4
4705,TRIV
4707,40
4709,9
4711,TRIV
4713,5
4715,TRIV
4717,TRIV
4719,4
4721,4
4723,TRIV
4725,TRIV
4727,4
4729,TRIV
4731,169
4733,5
4735,TRIV
4737,25
4739,4
4741,TRIV
4743,5
4745,TRIV
4747,TRIV
4749,10
4751,8
4753,TRIV
4755,TRIV
4757,6
4759,TRIV
4761,5
4763,4
4765,TRIV
4767,4
4769,4
4771,TRIV
4773,4
4775,TRIV
4777,TRIV
4779,13
4781,5
4783,TRIV
4785,TRIV
4787,5
4789,TRIV
4791,4
4793,10
4795,TRIV
4797,5
4799,36
4801,TRIV
4803,4
4805,TRIV
4807,TRIV
4809,5
4811,4
4813,TRIV
4815,TRIV
4817,10
4819,TRIV
4821,4
4823,5
4825,TRIV
4827,6
4829,4
4831,TRIV
4833,4
4835,TRIV
4837,TRIV
4839,318
4841,17
4843,TRIV
4845,TRIV
4847,4
4849,TRIV
4851,7
4853,4
4855,TRIV
4857,5
4859,9
4861,TRIV
4863,831
4865,TRIV
4867,TRIV
4869,5
4871,7
4873,TRIV
4875,TRIV
4877,134
4879,TRIV
4881,4
4883,6
4885,TRIV
4887,4
4889,5
4891,TRIV
4893,4
4895,TRIV
4897,TRIV
4899,4
4901,4
4903,TRIV
4905,TRIV
4907,5
4909,TRIV
4911,5
4913,4
4915,TRIV
4917,5
4919,4
4921,TRIV
4923,4
4925,TRIV
4927,TRIV
4929,5
4931,14
4933,TRIV
4935,TRIV
4937,5
4939,TRIV
4941,4
4943,7
4945,TRIV
4947,6
4949,4
4951,TRIV
4953,12
4955,TRIV
4957,TRIV
4959,8
4961,4
4963,TRIV
4965,TRIV
4967,20
4969,TRIV
4971,14
4973,5
4975,TRIV
4977,4
4979,4
4981,TRIV
4983,12
4985,TRIV
4987,TRIV
4989,4
4991,4
4993,TRIV
4995,TRIV
4997,4
4999,TRIV
5001,4
5003,6
5005,TRIV
5007,4
5009,6
5011,TRIV
5013,4
5015,TRIV
5017,TRIV
5019,19
5021,9
5023,TRIV
5025,TRIV
5027,4
5029,TRIV
5031,4
5033,4
5035,TRIV
5037,6
5039,5
5041,TRIV
5043,4
5045,TRIV
5047,TRIV
5049,4
5051,5
5053,TRIV
5055,TRIV
5057,4
5059,TRIV
5061,13
5063,4
5065,TRIV
5067,4
5069,4
5071,TRIV
5073,6
5075,TRIV
5077,TRIV
5079,36
5081,4
5083,TRIV
5085,TRIV
5087,6
5089,TRIV
5091,4
5093,5
5095,TRIV
5097,4
5099,6
5101,TRIV
5103,12
5105,TRIV
5107,TRIV
5109,40
5111,4
5113,TRIV
5115,TRIV
5117,8
5119,TRIV
5121,6
5123,4
5125,TRIV
5127,5
5129,4
5131,TRIV
5133,6
5135,TRIV
5137,TRIV
5139,4
5141,32
5143,TRIV
5145,TRIV
5147,6
5149,TRIV
5151,5
5153,5
5155,TRIV
5157,9
5159,5
5161,TRIV
5163,5
5165,TRIV
5167,TRIV
5169,4
5171,15
5173,TRIV
5175,TRIV
5177,5
5179,TRIV
5181,5
5183,4
5185,TRIV
5187,4
5189,5
5191,TRIV
5193,7
5195,TRIV
5197,TRIV
5199,4
5201,4
5203,TRIV
5205,TRIV
5207,4
5209,TRIV
5211,4
5213,4
5215,TRIV
5217,4
5219,5
5221,TRIV
5223,5
5225,TRIV
5227,TRIV
5229,5
5231,6
5233,TRIV
5235,TRIV
5237,9
5239,TRIV
5241,4
5243,7
5245,TRIV
5247,7
5249,4
5251,TRIV
5253,5
5255,TRIV
5257,TRIV
5259,9
5261,7
5263,TRIV
5265,TRIV
5267,4
5269,TRIV
5271,4
5273,5
5275,TRIV
5277,4
5279,4
5281,TRIV
5283,6
5285,TRIV
5287,TRIV
5289,6
5291,5
5293,TRIV
5295,TRIV
5297,4
5299,TRIV
5301,6
5303,7
5305,TRIV
5307,5
5309,4
5311,TRIV
5313,5
5315,TRIV
5317,TRIV
5319,7
5321,4
5323,TRIV
5325,TRIV
5327,4
5329,TRIV
5331,7
5333,6
5335,TRIV
5337,4
5339,13
5341,TRIV
5343,4
5345,TRIV
5347,TRIV
5349,4
5351,4
5353,TRIV
5355,TRIV
5357,4
5359,TRIV
5361,4
5363,4
5365,TRIV
5367,8
5369,7
5371,TRIV
5373,15
5375,TRIV
5377,TRIV
5379,4
5381,18
5383,TRIV
5385,TRIV
5387,5
5389,TRIV
5391,9
5393,8
5395,TRIV
5397,4
5399,15
5401,TRIV
5403,4
5405,TRIV
5407,TRIV
5409,4
5411,288
5413,TRIV
5415,TRIV
5417,4
5419,TRIV
5421,6
5423,19
5425,TRIV
5427,5
5429,6
5431,TRIV
5433,4
5435,TRIV
5437,TRIV
5439,4
5441,5
5443,TRIV
5445,TRIV
5447,7
5449,TRIV
5451,4
5453,4
5455,TRIV
5457,5
5459,5
5461,TRIV
5463,9
5465,TRIV
5467,TRIV
5469,5
5471,5
5473,TRIV
5475,TRIV
5477,4
5479,TRIV
5481,4
5483,4
5485,TRIV
5487,4
5489,14
5491,TRIV
5493,4
5495,TRIV
5497,TRIV
5499,6
5501,7
5503,TRIV
5505,TRIV
5507,4
5509,TRIV
5511,6
5513,9
5515,TRIV
5517,4
5519,4
5521,TRIV
5523,5
5525,TRIV
5527,TRIV
5529,6
5531,7
5533,TRIV
5535,TRIV
5537,4
5539,TRIV
5541,13
5543,4
5545,TRIV
5547,6
5549,4
5551,TRIV
5553,4
5555,TRIV
5557,TRIV
5559,4
5561,5
5563,TRIV
5565,TRIV
5567,5
5569,TRIV
5571,12
5573,5
5575,TRIV
5577,4
5579,4
5581,TRIV
5583,6
5585,TRIV
5587,TRIV
5589,17
5591,4
5593,TRIV
5595,TRIV
5597,11
5599,TRIV
5601,5
5603,4
5605,TRIV
5607,6
5609,4
5611,TRIV
5613,42
5615,TRIV
5617,TRIV
5619,9
5621,5
5623,TRIV
5625,TRIV
5627,4
5629,TRIV
5631,6
5633,7
5635,TRIV
5637,4
5639,8
5641,TRIV
5643,4
5645,TRIV
5647,TRIV
5649,5
5651,4
5653,TRIV
5655,TRIV
5657,5
5659,TRIV
5661,4
5663,4
5665,TRIV
5667,7
5669,5
5671,TRIV
5673,4
5675,TRIV
5677,TRIV
5679,5
5681,6
5683,TRIV
5685,TRIV
5687,9
5689,TRIV
5691,5
5693,5
5695,TRIV
5697,6
5699,11
5701,TRIV
5703,4
5705,TRIV
5707,TRIV
5709,5
5711,4
5713,TRIV
5715,TRIV
5717,4
5719,TRIV
5721,11
5723,8
5725,TRIV
5727,4
5729,4
5731,TRIV
5733,8
5735,TRIV
5737,TRIV
5739,4
5741,4
5743,TRIV
5745,TRIV
5747,4
5749,TRIV
5751,6
5753,6
5755,TRIV
5757,4
5759,4
5761,TRIV
5763,6
5765,TRIV
5767,TRIV
5769,4
5771,4
5773,TRIV
5775,TRIV
5777,7
5779,TRIV
5781,4
5783,4
5785,TRIV
5787,15
5789,4
5791,TRIV
5793,5
5795,TRIV
5797,TRIV
5799,4
5801,6
5803,TRIV
5805,TRIV
5807,6
5809,TRIV
5811,9
5813,10
5815,TRIV
5817,6
5819,6
5821,TRIV
5823,4
5825,TRIV
5827,TRIV
5829,12
5831,5
5833,TRIV
5835,TRIV
5837,6
5839,TRIV
5841,4
5843,4
5845,TRIV
5847,4
5849,5
5851,TRIV
5853,385
5855,TRIV
5857,TRIV
5859,6
5861,4
5863,TRIV
5865,TRIV
5867,4
5869,TRIV
5871,4
5873,4
5875,TRIV
5877,8
5879,5
5881,TRIV
5883,5
5885,TRIV
5887,TRIV
5889,4
5891,5
5893,TRIV
5895,TRIV
5897,15
5899,TRIV
5901,4
5903,7
5905,TRIV
5907,4
5909,4
5911,TRIV
5913,6
5915,TRIV
5917,TRIV
5919,9
5921,4
5923,TRIV
5925,TRIV
5927,4
5929,TRIV
5931,6
5933,6
5935,TRIV
5937,5
5939,8
5941,TRIV
5943,4
5945,TRIV
5947,TRIV
5949,4
5951,4
5953,TRIV
5955,TRIV
5957,7
5959,TRIV
5961,6
5963,11
5965,TRIV
5967,5
5969,64
5971,TRIV
5973,4
5975,TRIV
5977,TRIV
5979,4
5981,4
5983,TRIV
5985,TRIV
5987,4
5989,TRIV
5991,5
5993,4
5995,TRIV
5997,4
5999,4
6001,TRIV
6003,5
6005,TRIV
6007,TRIV
6009,8
6011,4
6013,TRIV
6015,TRIV
6017,5
6019,TRIV
6021,5
6023,6
6025,TRIV
6027,10
6029,5
6031,TRIV
6033,4
6035,TRIV
6037,TRIV
6039,6
6041,42
6043,TRIV
6045,TRIV
6047,16
6049,TRIV
6051,5
6053,4
6055,TRIV
6057,4
6059,5
6061,TRIV
6063,5
6065,TRIV
6067,TRIV
6069,4
6071,4
6073,TRIV
6075,TRIV
6077,4
6079,TRIV
6081,4
6083,4
6085,TRIV
6087,5
6089,4
6091,TRIV
6093,4
6095,TRIV
6097,TRIV
6099,5
6101,9
6103,TRIV
6105,TRIV
6107,5
6109,TRIV
6111,4
6113,5
6115,TRIV
6117,17
6119,4
6121,TRIV
6123,4
6125,TRIV
6127,TRIV
6129,5
6131,6
6133,TRIV
6135,TRIV
6137,4
6139,TRIV
6141,12
6143,7
6145,TRIV
6147,4
6149,4
6151,TRIV
6153,4
6155,TRIV
6157,TRIV
6159,6
6161,11
6163,TRIV
6165,TRIV
6167,4
6169,TRIV
6171,11
6173,5
6175,TRIV
6177,4
6179,4
6181,TRIV
6183,9
6185,TRIV
6187,TRIV
6189,5
6191,5
6193,TRIV
6195,TRIV
6197,4
6199,TRIV
6201,8
6203,4
6205,TRIV
6207,4
6209,9
6211,TRIV
6213,5
6215,TRIV
6217,TRIV
6219,6
6221,4
6223,TRIV
6225,TRIV
6227,33
6229,TRIV
6231,4
6233,4
6235,TRIV
6237,5
6239,4
6241,TRIV
6243,38
6245,TRIV
6247,TRIV
6249,13
6251,12
6253,TRIV
6255,TRIV
6257,7
6259,TRIV
6261,4
6263,206
6265,TRIV
6267,4
6269,68
6271,TRIV
6273,4
6275,TRIV
6277,TRIV
6279,9
6281,4
6283,TRIV
6285,TRIV
6287,7
6289,TRIV
6291,4
6293,9
6295,TRIV
6297,5
6299,4
6301,TRIV
6303,4
6305,TRIV
6307,TRIV
6309,4
6311,6
6313,TRIV
6315,TRIV
6317,5
6319,TRIV
6321,6
6323,4
6325,TRIV
6327,4
6329,4
6331,TRIV
6333,10
6335,TRIV
6337,TRIV
6339,17
6341,4
6343,TRIV
6345,TRIV
6347,9
6349,TRIV
6351,7
6353,6
6355,TRIV
6357,4
6359,9
6361,TRIV
6363,4
6365,TRIV
6367,TRIV
6369,4
6371,5
6373,TRIV
6375,TRIV
6377,4
6379,TRIV
6381,39
6383,4
6385,TRIV
6387,4
6389,6
6391,TRIV
6393,4
6395,TRIV
6397,TRIV
6399,5
6401,12
6403,TRIV
6405,TRIV
6407,4
6409,TRIV
6411,6
6413,26
6415,TRIV
6417,4
6419,4
6421,TRIV
6423,98
6425,TRIV
6427,TRIV
6429,4
6431,15
6433,TRIV
6435,TRIV
6437,5
6439,TRIV
6441,4
6443,4
6445,TRIV
6447,5
6449,7
6451,TRIV
6453,4
6455,TRIV
6457,TRIV
6459,4
6461,4
6463,TRIV
6465,TRIV
6467,4
6469,TRIV
6471,4
6473,4
6475,TRIV
6477,5
6479,11
6481,TRIV
6483,4
6485,TRIV
6487,TRIV
6489,4
6491,1711
6493,TRIV
6495,TRIV
6497,5
6499,TRIV
6501,4
6503,5
6505,TRIV
6507,5
6509,4
6511,TRIV
6513,5
6515,TRIV
6517,TRIV
6519,5
6521,5
6523,TRIV
6525,TRIV
6527,14
6529,TRIV
6531,4
6533,4
6535,TRIV
6537,4
6539,4
6541,TRIV
6543,4
6545,TRIV
6547,TRIV
6549,6
6551,4
6553,TRIV
6555,TRIV
6557,7
6559,TRIV
6561,9
6563,6
6565,TRIV
6567,4
6569,6
6571,TRIV
6573,5
6575,TRIV
6577,TRIV
6579,343
6581,5
6583,TRIV
6585,TRIV
6587,4
6589,TRIV
6591,7
6593,4
6595,TRIV
6597,30
6599,6
6601,TRIV
6603,6
6605,TRIV
6607,TRIV
6609,4
6611,4
6613,TRIV
6615,TRIV
6617,5
6619,TRIV
6621,108
6623,5
6625,TRIV
6627,4
6629,4
6631,TRIV
6633,6
6635,TRIV
6637,TRIV
6639,4
6641,4
6643,TRIV
6645,TRIV
6647,27
6649,TRIV
6651,7
6653,4
6655,TRIV
6657,4
6659,6
6661,TRIV
6663,5
6665,TRIV
6667,TRIV
6669,4
6671,4
6673,TRIV
6675,TRIV
6677,4
6679,TRIV
6681,4
6683,7
6685,TRIV
6687,4
6689,9
6691,TRIV
6693,4
6695,TRIV
6697,TRIV
6699,4
6701,4
6703,TRIV
6705,TRIV
6707,11
6709,TRIV
6711,7
6713,5
6715,TRIV
6717,5
6719,5
6721,TRIV
6723,354
6725,TRIV
6727,TRIV
6729,4
6731,6
6733,TRIV
6735,TRIV
6737,5
6739,TRIV
6741,4
6743,4
6745,TRIV
6747,4
6749,4
6751,TRIV
6753,6
6755,TRIV
6757,TRIV
6759,5
6761,5
6763,TRIV
6765,TRIV
6767,6
6769,TRIV
6771,4
6773,7
6775,TRIV
6777,7
6779,4
6781,TRIV
6783,4
6785,TRIV
6787,TRIV
6789,6
6791,4
6793,TRIV
6795,TRIV
6797,4
6799,TRIV
6801,5
6803,6
6805,TRIV
6807,8
6809,4
6811,TRIV
6813,4
6815,TRIV
6817,TRIV
6819,4
6821,5
6823,TRIV
6825,TRIV
6827,7
6829,TRIV
6831,4
6833,4
6835,TRIV
6837,4
6839,8
6841,TRIV
6843,11
6845,TRIV
6847,TRIV
6849,5
6851,7
6853,TRIV
6855,TRIV
6857,9
6859,TRIV
6861,5
6863,4
6865,TRIV
6867,5
6869,5
6871,TRIV
6873,10
6875,TRIV
6877,TRIV
6879,4
6881,4
6883,TRIV
6885,TRIV
6887,5
6889,TRIV
6891,4
6893,6
6895,TRIV
6897,5
6899,27
6901,TRIV
6903,5
6905,TRIV
6907,TRIV
6909,7
6911,4
6913,TRIV
6915,TRIV
6917,4
6919,TRIV
6921,4
6923,5
6925,TRIV
6927,11
6929,8
6931,TRIV
6933,4
6935,TRIV
6937,TRIV
6939,4
6941,5
6943,TRIV
6945,TRIV
6947,5
6949,TRIV
6951,4
6953,5
6955,TRIV
6957,10
6959,4
6961,TRIV
6963,4
6965,TRIV
6967,TRIV
6969,9
6971,11
6973,TRIV
6975,TRIV
6977,4
6979,TRIV
6981,4
6983,26
6985,TRIV
6987,22
6989,4
6991,TRIV
6993,11
6995,TRIV
6997,TRIV
6999,4
7001,4
7003,TRIV
7005,TRIV
7007,5
7009,TRIV
7011,13
7013,5
7015,TRIV
7017,6
7019,25
7021,TRIV
7023,9
7025,TRIV
7027,TRIV
7029,4
7031,4
7033,TRIV
7035,TRIV
7037,4
7039,TRIV
7041,5
7043,4
7045,TRIV
7047,4
7049,5
7051,TRIV
7053,6
7055,TRIV
7057,TRIV
7059,5
7061,4
7063,TRIV
7065,TRIV
7067,7
7069,TRIV
7071,97
7073,4
7075,TRIV
7077,6
7079,5
7081,TRIV
7083,4
7085,TRIV
7087,TRIV
7089,8
7091,4
7093,TRIV
7095,TRIV
7097,4
7099,TRIV
7101,5
7103,4
7105,TRIV
7107,5
7109,6
7111,TRIV
7113,4
7115,TRIV
7117,TRIV
7119,16
7121,4
7123,TRIV
7125,TRIV
7127,REM
7129,TRIV
7131,7
7133,5
7135,TRIV
7137,5
7139,4
7141,TRIV
7143,4
7145,TRIV
7147,TRIV
7149,4
7151,5
7153,TRIV
7155,TRIV
7157,4
7159,TRIV
7161,13
7163,4
7165,TRIV
7167,4
7169,5
7171,TRIV
7173,51
7175,TRIV
7177,TRIV
7179,5
7181,4
7183,TRIV
7185,TRIV
7187,8
7189,TRIV
7191,5
7193,8
7195,TRIV
7197,4
7199,4
7201,TRIV
7203,4
7205,TRIV
7207,TRIV
7209,4
7211,4
7213,TRIV
7215,TRIV
7217,7
7219,TRIV
7221,5
7223,4
7225,TRIV
7227,8
7229,8
7231,TRIV
7233,4
7235,TRIV
7237,TRIV
7239,5
7241,9
7243,TRIV
7245,TRIV
7247,4
7249,TRIV
7251,4
7253,8
7255,TRIV
7257,7
7259,4
7261,TRIV
7263,5
7265,TRIV
7267,TRIV
7269,4
7271,4
7273,TRIV
7275,TRIV
7277,5
7279,TRIV
7281,4
7283,5
7285,TRIV
7287,4
7289,4
7291,TRIV
7293,4
7295,TRIV
7297,TRIV
7299,6
7301,4
7303,TRIV
7305,TRIV
7307,4
7309,TRIV
7311,4
7313,4
7315,TRIV
7317,4
7319,5
7321,TRIV
7323,4
7325,TRIV
7327,TRIV
7329,4
7331,5
7333,TRIV
7335,TRIV
7337,4
7339,TRIV
7341,4
7343,4
7345,TRIV
7347,14
7349,73
7351,TRIV
7353,4
7355,TRIV
7357,TRIV
7359,5
7361,5
7363,TRIV
7365,TRIV
7367,4
7369,TRIV
7371,7
7373,5
7375,TRIV
7377,5
7379,4
7381,TRIV
7383,4
7385,TRIV
7387,TRIV
7389,12
7391,4
7393,TRIV
7395,TRIV
7397,6
7399,TRIV
7401,13
7403,7
7405,TRIV
7407,4
7409,4
7411,TRIV
7413,8658
7415,TRIV
7417,TRIV
7419,5
7421,4
7423,TRIV
7425,TRIV
7427,9
7429,TRIV
7431,5
7433,5
7435,TRIV
7437,41
7439,6
7441,TRIV
7443,4
7445,TRIV
7447,TRIV
7449,4
7451,4
7453,TRIV
7455,TRIV
7457,4
7459,TRIV
7461,4
7463,9
7465,TRIV
7467,7
7469,4
7471,TRIV
7473,8
7475,TRIV
7477,TRIV
7479,4
7481,19
7483,TRIV
7485,TRIV
7487,6
7489,TRIV
7491,8
7493,5
7495,TRIV
7497,4
7499,16
7501,TRIV
7503,7
7505,TRIV
7507,TRIV
7509,7
7511,5
7513,TRIV
7515,TRIV
7517,7
7519,TRIV
7521,5
7523,4
7525,TRIV
7527,4
7529,8
7531,TRIV
7533,4
7535,TRIV
7537,TRIV
7539,5
7541,4
7543,TRIV
7545,TRIV
7547,15
7549,TRIV
7551,6
7553,4
7555,TRIV
7557,20
7559,4
7561,TRIV
7563,4
7565,TRIV
7567,TRIV
7569,5
7571,6
7573,TRIV
7575,TRIV
7577,4
7579,TRIV
7581,5
7583,4
7585,TRIV
7587,5
7589,4
7591,TRIV
7593,9
7595,TRIV
7597,TRIV
7599,5
7601,4
7603,TRIV
7605,TRIV
7607,4
7609,TRIV
7611,4
7613,5
7615,TRIV
7617,4
7619,4
7621,TRIV
7623,4
7625,TRIV
7627,TRIV
7629,4
7631,5
7633,TRIV
7635,TRIV
7637,5
7639,TRIV
7641,6
7643,4
7645,TRIV
7647,5
7649,4
7651,TRIV
7653,4
7655,TRIV
7657,TRIV
7659,4
7661,4
7663,TRIV
7665,TRIV
7667,4
7669,TRIV
7671,7
7673,49
7675,TRIV
7677,282
7679,7
7681,TRIV
7683,5
7685,TRIV
7687,TRIV
7689,4
7691,4
7693,TRIV
7695,TRIV
7697,8
7699,TRIV
7701,11
7703,4
7705,TRIV
7707,4
7709,7
7711,TRIV
7713,4
7715,TRIV
7717,TRIV
7719,4
7721,26
7723,TRIV
7725,TRIV
7727,4
7729,TRIV
7731,4
7733,4
7735,TRIV
7737,6
7739,12
7741,TRIV
7743,32
7745,TRIV
7747,TRIV
7749,4
7751,6
7753,TRIV
7755,TRIV
7757,4
7759,TRIV
7761,4
7763,4
7765,TRIV
7767,5
7769,6
7771,TRIV
7773,5
7775,TRIV
7777,TRIV
7779,4
7781,5
7783,TRIV
7785,TRIV
7787,4
7789,TRIV
7791,8
7793,4
7795,TRIV
7797,4
7799,7
7801,TRIV
7803,7
7805,TRIV
7807,TRIV
7809,522
7811,5
7813,TRIV
7815,TRIV
7817,6
7819,TRIV
7821,4
7823,5
7825,TRIV
7827,5
7829,11
7831,TRIV
7833,19
7835,TRIV
7837,TRIV
7839,4
7841,10
7843,TRIV
7845,TRIV
7847,4
7849,TRIV
7851,7
7853,10
7855,TRIV
7857,4
7859,4
7861,TRIV
7863,4
7865,TRIV
7867,TRIV
7869,4
7871,4
7873,TRIV
7875,TRIV
7877,41
7879,TRIV
7881,5
7883,7
7885,TRIV
7887,4
7889,4
7891,TRIV
7893,5
7895,TRIV
7897,TRIV
7899,9
7901,4
7903,TRIV
7905,TRIV
7907,60
7909,TRIV
7911,4
7913,4
7915,TRIV
7917,4
7919,4
7921,TRIV
7923,5
7925,TRIV
7927,TRIV
7929,14
7931,4
7933,TRIV
7935,TRIV
7937,4
7939,TRIV
7941,8
7943,7
7945,TRIV
7947,4
7949,5
7951,TRIV
7953,14
7955,TRIV
7957,TRIV
7959,5
7961,4
7963,TRIV
7965,TRIV
7967,5
7969,TRIV
7971,4
7973,4
7975,TRIV
7977,6
7979,6
7981,TRIV
7983,4
7985,TRIV
7987,TRIV
7989,4
7991,5
7993,TRIV
7995,TRIV
7997,4
7999,TRIV
8001,4
8003,4
8005,TRIV
8007,4
8009,17
8011,TRIV
8013,4
8015,TRIV
8017,TRIV
8019,6
8021,4
8023,TRIV
8025,TRIV
8027,4
8029,TRIV
8031,5
8033,5
8035,TRIV
8037,7
8039,5
8041,TRIV
8043,5
8045,TRIV
8047,TRIV
8049,4
8051,4
8053,TRIV
8055,TRIV
8057,5
8059,TRIV
8061,5
8063,8
8065,TRIV
8067,4
8069,4
8071,TRIV
8073,6
8075,TRIV
8077,TRIV
8079,5
8081,9
8083,TRIV
8085,TRIV
8087,4
8089,TRIV
8091,5
8093,4
8095,TRIV
8097,27
8099,4
8101,TRIV
8103,8
8105,TRIV
8107,TRIV
8109,8
8111,4
8113,TRIV
8115,TRIV
8117,6
8119,TRIV
8121,4
8123,4
8125,TRIV
8127,4
8129,4
8131,TRIV
8133,4
8135,TRIV
8137,TRIV
8139,4
8141,17
8143,TRIV
8145,TRIV
8147,10
8149,TRIV
8151,10
8153,4
8155,TRIV
8157,9
8159,5
8161,TRIV
8163,5
8165,TRIV
8167,TRIV
8169,4
8171,9
8173,TRIV
8175,TRIV
8177,4
8179,TRIV
8181,8
8183,6
8185,TRIV
8187,5
8189,4
8191,TRIV
8193,5
8195,TRIV
8197,TRIV
8199,4
8201,152
8203,TRIV
8205,TRIV
8207,15
8209,TRIV
8211,4
8213,4
8215,TRIV
8217,4
8219,5
8221,TRIV
8223,4
8225,TRIV
8227,TRIV
8229,5
8231,7
8233,TRIV
8235,TRIV
8237,10
8239,TRIV
8241,4
8243,5
8245,TRIV
8247,4
8249,6
8251,TRIV
8253,4
8255,TRIV
8257,TRIV
8259,4
8261,15
8263,TRIV
8265,TRIV
8267,4
8269,TRIV
8271,14
8273,7
8275,TRIV
8277,4
8279,4
8281,TRIV
8283,6
8285,TRIV
8287,TRIV
8289,5
8291,4
8293,TRIV
8295,TRIV
8297,5
8299,TRIV
8301,4
8303,4
8305,TRIV
8307,4
8309,5
8311,TRIV
8313,8
8315,TRIV
8317,TRIV
8319,11
8321,15
8323,TRIV
8325,TRIV
8327,5
8329,TRIV
8331,4
8333,4
8335,TRIV
8337,4
8339,9
8341,TRIV
8343,4
8345,TRIV
8347,TRIV
8349,6
8351,7
8353,TRIV
8355,TRIV
8357,6
8359,TRIV
8361,5
8363,4
8365,TRIV
8367,6
8369,5
8371,TRIV
8373,4
8375,TRIV
8377,TRIV
8379,4
8381,4
8383,TRIV
8385,TRIV
8387,4
8389,TRIV
8391,4
8393,4
8395,TRIV
8397,6
8399,4
8401,TRIV
8403,4
8405,TRIV
8407,TRIV
8409,5
8411,14
8413,TRIV
8415,TRIV
8417,4
8419,TRIV
8421,4
8423,5
8425,TRIV
8427,5
8429,4
8431,TRIV
8433,4
8435,TRIV
8437,TRIV
8439,8
8441,4
8443,TRIV
8445,TRIV
8447,4
8449,TRIV
8451,4
8453,6
8455,TRIV
8457,4
8459,5
8461,TRIV
8463,21
8465,TRIV
8467,TRIV
8469,4
8471,5
8473,TRIV
8475,TRIV
8477,4
8479,TRIV
8481,8
8483,8
8485,TRIV
8487,5
8489,4
8491,TRIV
8493,9
8495,TRIV
8497,TRIV
8499,15
8501,4
8503,TRIV
8505,TRIV
8507,4
8509,TRIV
8511,4
8513,4
8515,TRIV
8517,4
8519,4
8521,TRIV
8523,20
8525,TRIV
8527,TRIV
8529,4
8531,7
8533,TRIV
8535,TRIV
8537,5
8539,TRIV
8541,4
8543,5
8545,TRIV
8547,4
8549,4
8551,TRIV
8553,4
8555,TRIV
8557,TRIV
8559,7
8561,4
8563,TRIV
8565,TRIV
8567,4
8569,TRIV
8571,4
8573,4
8575,TRIV
8577,4
8579,174
8581,TRIV
8583,23
8585,TRIV
8587,TRIV
8589,5
8591,4
8593,TRIV
8595,TRIV
8597,13
8599,TRIV
8601,4
8603,5
8605,TRIV
8607,5
8609,18
8611,TRIV
8613,5
8615,TRIV
8617,TRIV
8619,4
8621,7
8623,TRIV
8625,TRIV
8627,4
8629,TRIV
8631,5
8633,4
8635,TRIV
8637,8
8639,4
8641,TRIV
8643,6
8645,TRIV
8647,TRIV
8649,9
8651,7
8653,TRIV
8655,TRIV
8657,6
8659,TRIV
8661,9
8663,7
8665,TRIV
8667,10
8669,5
8671,TRIV
8673,4
8675,TRIV
8677,TRIV
8679,4
8681,4
8683,TRIV
8685,TRIV
8687,6
8689,TRIV
8691,5
8693,4
8695,TRIV
8697,4
8699,4
8701,TRIV
8703,4
8705,TRIV
8707,TRIV
8709,4
8711,4
8713,TRIV
8715,TRIV
8717,4
8719,TRIV
8721,4
8723,4
8725,TRIV
8727,6
8729,8
8731,TRIV
8733,20
8735,TRIV
8737,TRIV
8739,6
8741,4
8743,TRIV
8745,TRIV
8747,5
8749,TRIV
8751,4
8753,10
8755,TRIV
8757,5
8759,9
8761,TRIV
8763,4
8765,TRIV
8767,TRIV
8769,4
8771,4
8773,TRIV
8775,TRIV
8777,4
8779,TRIV
8781,10
8783,4
8785,TRIV
8787,4
8789,7
8791,TRIV
8793,8
8795,TRIV
8797,TRIV
8799,4
8801,5
8803,TRIV
8805,TRIV
8807,4
8809,TRIV
8811,10
8813,4
8815,TRIV
8817,5
8819,4
8821,TRIV
8823,3531
8825,TRIV
8827,TRIV
8829,4
8831,44
8833,TRIV
8835,TRIV
8837,4
8839,TRIV
8841,5
8843,30
8845,TRIV
8847,4
8849,4
8851,TRIV
8853,6
8855,TRIV
8857,TRIV
8859,5
8861,5
8863,TRIV
8865,TRIV
8867,7
8869,TRIV
8871,4
8873,5
8875,TRIV
8877,4
8879,5
8881,TRIV
8883,4
8885,TRIV
8887,TRIV
8889,11
8891,4
8893,TRIV
8895,TRIV
8897,4
8899,TRIV
8901,5
8903,4
8905,TRIV
8907,4
8909,4
8911,TRIV
8913,4
8915,TRIV
8917,TRIV
8919,5
8921,5
8923,TRIV
8925,TRIV
8927,6
8929,TRIV
8931,4
8933,7
8935,TRIV
8937,4
8939,4
8941,TRIV
8943,6
8945,TRIV
8947,TRIV
8949,4
8951,4
8953,TRIV
8955,TRIV
8957,6
8959,TRIV
8961,4
8963,6
8965,TRIV
8967,4
8969,4
8971,TRIV
8973,6
8975,TRIV
8977,TRIV
8979,4
8981,4
8983,TRIV
8985,TRIV
8987,4
8989,TRIV
8991,4
8993,12
8995,TRIV
8997,88
8999,331
9001,TRIV
9003,4
9005,TRIV
9007,TRIV
9009,4
9011,5
9013,TRIV
9015,TRIV
9017,4
9019,TRIV
9021,379
9023,4
9025,TRIV
9027,6
9029,4
9031,TRIV
9033,4
9035,TRIV
9037,TRIV
9039,6
9041,38
9043,TRIV
9045,TRIV
9047,4
9049,TRIV
9051,7
9053,4
9055,TRIV
9057,7
9059,4
9061,TRIV
9063,4
9065,TRIV
9067,TRIV
9069,5
9071,4
9073,TRIV
9075,TRIV
9077,6
9079,TRIV
9081,4
9083,5
9085,TRIV
9087,7
9089,4
9091,TRIV
9093,4
9095,TRIV
9097,TRIV
9099,5
9101,7
9103,TRIV
9105,TRIV
9107,6
9109,TRIV
9111,6
9113,4
9115,TRIV
9117,4
9119,4
9121,TRIV
9123,4
9125,TRIV
9127,TRIV
9129,8
9131,9
9133,TRIV
9135,TRIV
9137,4
9139,TRIV
9141,4
9143,4
9145,TRIV
9147,4
9149,6
9151,TRIV
9153,5
9155,TRIV
9157,TRIV
9159,5
9161,4
9163,TRIV
9165,TRIV
9167,5
9169,TRIV
9171,4
9173,4
9175,TRIV
9177,4
9179,4
9181,TRIV
9183,7
9185,TRIV
9187,TRIV
9189,4
9191,4
9193,TRIV
9195,TRIV
9197,5
9199,TRIV
9201,6
9203,4
9205,TRIV
9207,5
9209,19
9211,TRIV
9213,4
9215,TRIV
9217,TRIV
9219,37
9221,7
9223,TRIV
9225,TRIV
9227,4
9229,TRIV
9231,4
9233,6
9235,TRIV
9237,9
9239,4
9241,TRIV
9243,4
9245,TRIV
9247,TRIV
9249,4
9251,5
9253,TRIV
9255,TRIV
9257,4
9259,TRIV
9261,4
9263,7
9265,TRIV
9267,4
9269,5
9271,TRIV
9273,4
9275,TRIV
9277,TRIV
9279,11
9281,4
9283,TRIV
9285,TRIV
9287,18
9289,TRIV
9291,4
9293,6
9295,TRIV
9297,5
9299,4
9301,TRIV
9303,5
9305,TRIV
9307,TRIV
9309,4
9311,7
9313,TRIV
9315,TRIV
9317,4
9319,TRIV
9321,5
9323,4
9325,TRIV
9327,4
9329,15
9331,TRIV
9333,7
9335,TRIV
9337,TRIV
9339,4
9341,4
9343,TRIV
9345,TRIV
9347,4
9349,TRIV
9351,55
9353,4
9355,TRIV
9357,4
9359,4
9361,TRIV
9363,6
9365,TRIV
9367,TRIV
9369,4
9371,12
9373,TRIV
9375,TRIV
9377,18
9379,TRIV
9381,4
9383,4
9385,TRIV
9387,4
9389,21
9391,TRIV
9393,4
9395,TRIV
9397,TRIV
9399,4
9401,4
9403,TRIV
9405,TRIV
9407,4
9409,TRIV
9411,6
9413,4
9415,TRIV
9417,5
9419,8
9421,TRIV
9423,4
9425,TRIV
9427,TRIV
9429,4
9431,4
9433,TRIV
9435,TRIV
9437,4
9439,TRIV
9441,6
9443,4
9445,TRIV
9447,19
9449,7
9451,TRIV
9453,4
9455,TRIV
9457,TRIV
9459,4
9461,123
9463,TRIV
9465,TRIV
9467,5
9469,TRIV
9471,5
9473,5
9475,TRIV
9477,4
9479,4
9481,TRIV
9483,9
9485,TRIV
9487,TRIV
9489,5
9491,4
9493,TRIV
9495,TRIV
9497,4
9499,TRIV
9501,4
9503,6
9505,TRIV
9507,7
9509,4
9511,TRIV
9513,4
9515,TRIV
9517,TRIV
9519,5
9521,4
9523,TRIV
9525,TRIV
9527,5
9529,TRIV
9531,5
9533,4
9535,TRIV
9537,4
9539,4
9541,TRIV
9543,4
9545,TRIV
9547,TRIV
9549,11
9551,4
9553,TRIV
9555,TRIV
9557,4
9559,TRIV
9561,4
9563,5
9565,TRIV
9567,4
9569,4
9571,TRIV
9573,157
9575,TRIV
9577,TRIV
9579,4
9581,4
9583,TRIV
9585,TRIV
9587,13
9589,TRIV
9591,4
9593,5
9595,TRIV
9597,5
9599,4
9601,TRIV
9603,4
9605,TRIV
9607,TRIV
9609,13
9611,4
9613,TRIV
9615,TRIV
9617,4
9619,TRIV
9621,4
9623,6
9625,TRIV
9627,4
9629,5
9631,TRIV
9633,4
9635,TRIV
9637,TRIV
9639,6
9641,4
9643,TRIV
9645,TRIV
9647,4
9649,TRIV
9651,4
9653,4
9655,TRIV
9657,14
9659,REM
9661,TRIV
9663,4
9665,TRIV
9667,TRIV
9669,4
9671,6
9673,TRIV
9675,TRIV
9677,6
9679,TRIV
9681,9
9683,4
9685,TRIV
9687,4
9689,4
9691,TRIV
9693,4
9695,TRIV
9697,TRIV
9699,9
9701,8
9703,TRIV
9705,TRIV
9707,4
9709,TRIV
9711,5
9713,6
9715,TRIV
9717,4
9719,4
9721,TRIV
9723,4
9725,TRIV
9727,TRIV
9729,4
9731,4
9733,TRIV
9735,TRIV
9737,4
9739,TRIV
9741,6
9743,4
9745,TRIV
9747,29
9749,4
9751,TRIV
9753,5
9755,TRIV
9757,TRIV
9759,4
9761,4
9763,TRIV
9765,TRIV
9767,4
9769,TRIV
9771,4
9773,4
9775,TRIV
9777,4
9779,7
9781,TRIV
9783,5
9785,TRIV
9787,TRIV
9789,4
9791,7
9793,TRIV
9795,TRIV
9797,5
9799,TRIV
9801,4
9803,4
9805,TRIV
9807,4
9809,4
9811,TRIV
9813,5
9815,TRIV
9817,TRIV
9819,4
9821,4
9823,TRIV
9825,TRIV
9827,4
9829,TRIV
9831,6
9833,4
9835,TRIV
9837,4
9839,8
9841,TRIV
9843,4
9845,TRIV
9847,TRIV
9849,4
9851,4
9853,TRIV
9855,TRIV
9857,9
9859,TRIV
9861,4
9863,4
9865,TRIV
9867,7
9869,4
9871,TRIV
9873,4
9875,TRIV
9877,TRIV
9879,5
9881,17
9883,TRIV
9885,TRIV
9887,4
9889,TRIV
9891,4
9893,4
9895,TRIV
9897,4
9899,4
9901,TRIV
9903,4
9905,TRIV
9907,TRIV
9909,8
9911,4
9913,TRIV
9915,TRIV
9917,4
9919,TRIV
9921,4
9923,19
9925,TRIV
9927,4
9929,4
9931,TRIV
9933,4
9935,TRIV
9937,TRIV
9939,4
9941,4
9943,TRIV
9945,TRIV
9947,4
9949,TRIV
9951,8
9953,4
9955,TRIV
9957,4
9959,4
9961,TRIV
9963,4
9965,TRIV
9967,TRIV
9969,4
9971,4
9973,TRIV
9975,TRIV
9977,4
9979,TRIV
9981,4
9983,4
9985,TRIV
9987,4
9989,4
9991,TRIV
9993,4
9995,TRIV
9997,TRIV
9999,5