2,1
4,2
6,1
8,1
10,TRIV
12,1
14,1
16,2
18,1
20,TRIV
22,2
24,1
26,1
28,2
30,TRIV
32,1
34,2
36,1
38,1
40,TRIV
42,1
44,5
46,2
48,1
50,TRIV
52,4
54,1
56,1
58,2
60,TRIV
62,1
64,2
66,1
68,1
70,TRIV
72,2
74,1
76,2
78,1
80,TRIV
82,2
84,1
86,3
88,2
90,TRIV
92,1
94,4
96,1
98,1
100,TRIV
102,1
104,1
106,2
108,1
110,TRIV
112,2
114,2
116,3
118,4
120,TRIV
122,1
124,2
126,1
128,5
130,TRIV
132,1
134,1
136,4
138,2
140,TRIV
142,2
144,1
146,1
148,2
150,TRIV
152,1
154,2
156,2
158,1
160,TRIV
162,1
164,11
166,2
168,1
170,TRIV
172,2
174,1
176,1
178,6
180,TRIV
182,3
184,4
186,1
188,1
190,TRIV
192,1
194,1
196,4
198,2
200,TRIV
202,2
204,2
206,1
208,2
210,TRIV
212,3
214,2
216,2
218,1
220,TRIV
222,1
224,1
226,2
228,1
230,TRIV
232,2
234,1
236,1
238,2
240,TRIV
242,3
244,2
246,1
248,3
250,TRIV
252,1
254,3
256,2
258,1
260,TRIV
262,4
264,1
266,1
268,2
270,TRIV
272,1
274,104
276,1
278,1
280,TRIV
282,2
284,3
286,2
288,1
290,TRIV
292,2
294,3
296,3
298,6
300,TRIV
302,1
304,4
306,1
308,1
310,TRIV
312,1
314,3
316,4
318,3
320,TRIV
322,2
324,2
326,1
328,2
330,TRIV
332,1
334,2
336,3
338,3
340,TRIV
342,1
344,1
346,4
348,1
350,TRIV
352,4
354,1
356,9
358,2
360,TRIV
362,1
364,2
366,3
368,1
370,TRIV
372,2
374,1
376,2
378,1
380,TRIV
382,6
384,1
386,5
388,4
390,TRIV
392,1
394,2
396,1
398,3
400,TRIV
402,5
404,1
406,2
408,2
410,TRIV
412,10
414,1
416,1
418,2
420,TRIV
422,3
424,2
426,1
428,1
430,TRIV
432,2
434,1
436,2
438,1
440,TRIV
442,2
444,1
446,3
448,6
450,TRIV
452,1
454,2
456,1
458,1
460,TRIV
462,1
464,11
466,2
468,3
470,TRIV
472,4
474,1
476,3
478,2
480,TRIV
482,1
484,2
486,1
488,3
490,TRIV
492,3
494,1
496,2
498,1
500,TRIV
502,6
504,1
506,3
508,8
510,TRIV
512,5
514,6
516,1
518,1
520,TRIV
522,2
524,7
526,4
528,3
530,TRIV
532,2
534,3
536,1
538,2
540,TRIV
542,1
544,2
546,2
548,3
550,TRIV
552,1
554,11
556,4
558,1
560,TRIV
562,2
564,1
566,1
568,2
570,TRIV
572,1
574,2
576,2
578,13
580,TRIV
582,1
584,3
586,12
588,1
590,TRIV
592,2
594,1
596,1
598,4
600,TRIV
602,1
604,4
606,2
608,1
610,TRIV
612,1
614,1
616,2
618,2
620,TRIV
622,2
624,4
626,1
628,2
630,TRIV
632,3
634,2
636,1
638,1
640,TRIV
642,1
644,3
646,26
648,1
650,TRIV
652,2
654,1
656,1
658,2
660,TRIV
662,3
664,4
666,2
668,1
670,TRIV
672,1
674,9
676,2
678,1
680,TRIV
682,4
684,2
686,1
688,22
690,TRIV
692,19
694,2
696,1
698,3
700,TRIV
702,2
704,1
706,8
708,2
710,TRIV
712,8
714,1
716,23
718,2
720,TRIV
722,1
724,6
726,2
728,1
730,TRIV
732,2
734,1
736,2
738,1
740,TRIV
742,4
744,2
746,1
748,2
750,TRIV
752,1
754,8
756,1
758,3
760,TRIV
762,2
764,1
766,10
768,1
770,TRIV
772,2
774,4
776,7
778,8
780,TRIV
782,1
784,2
786,2
788,10899
790,TRIV
792,1
794,3
796,2
798,2
800,TRIV
802,2
804,1
806,1
808,4
810,TRIV
812,3
814,2
816,1
818,1
820,TRIV
822,1
824,1
826,4
828,2
830,TRIV
832,2
834,1
836,145
838,2
840,TRIV
842,3
844,46
846,3
848,1
850,TRIV
852,1
854,1
856,2
858,1
860,TRIV
862,2
864,4
866,3
868,4
870,TRIV
872,1
874,4
876,1
878,1
880,TRIV
882,1
884,3
886,2
888,3
890,TRIV
892,30
894,2
896,3
898,4
900,TRIV
902,1
904,2
906,1
908,3
910,TRIV
912,2
914,1
916,2
918,4
920,TRIV
922,2
924,1
926,3
928,2
930,TRIV
932,1
934,4
936,1
938,3
940,TRIV
942,1
944,3
946,2
948,1
950,TRIV
952,2
954,4
956,21
958,2
960,TRIV
962,1
964,12
966,1
968,3
970,TRIV
972,1
974,5
976,4
978,1
980,TRIV
982,4
984,2
986,1
988,2
990,TRIV
992,1
994,2
996,2
998,3
1000,TRIV
1002,4
1004,1
1006,2
1008,1
1010,TRIV
1012,4
1014,1
1016,1
1018,11820
1020,TRIV
1022,7
1024,2
1026,1
1028,1
1030,TRIV
1032,4
1034,1
1036,2
1038,2
1040,TRIV
1042,4
1044,1
1046,1
1048,6
1050,TRIV
1052,5
1054,8
1056,1
1058,1
1060,TRIV
1062,2
1064,1
1066,2
1068,2
1070,TRIV
1072,2
1074,4
1076,3
1078,2
1080,TRIV
1082,1
1084,2
1086,1
1088,1
1090,TRIV
1092,1
1094,5
1096,4
1098,1
1100,TRIV
1102,202
1104,1
1106,3
1108,4
1110,TRIV
1112,1
1114,8
1116,4
1118,1
1120,TRIV
1122,4
1124,1
1126,2
1128,2
1130,TRIV
1132,8
1134,3
1136,5
1138,2
1140,TRIV
1142,11
1144,96
1146,1
1148,1
1150,TRIV
1152,3
1154,3
1156,2
1158,1
1160,TRIV
1162,2
1164,3
1166,1
1168,2
1170,TRIV
1172,3
1174,146
1176,1
1178,3
1180,TRIV
1182,1
1184,7
1186,4
1188,1
1190,TRIV
1192,2
1194,3
1196,1
1198,2
1200,TRIV
1202,3
1204,2
1206,2
1208,1
1210,TRIV
1212,1
1214,5
1216,14
1218,1
1220,TRIV
1222,4
1224,1
1226,1
1228,12
1230,TRIV
1232,1
1234,2
1236,3
1238,5
1240,TRIV
1242,3
1244,1
1246,4
1248,3
1250,TRIV
1252,2
1254,1
1256,3
1258,2
1260,TRIV
1262,9
1264,2
1266,2
1268,7
1270,TRIV
1272,1
1274,1
1276,2
1278,1
1280,TRIV
1282,2
1284,1
1286,1
1288,4
1290,TRIV
1292,1
1294,2
1296,1
1298,1
1300,TRIV
1302,1
1304,3
1306,4
1308,3
1310,TRIV
1312,6
1314,1
1316,1
1318,6
1320,TRIV
1322,1
1324,4
1326,3
1328,3
1330,TRIV
1332,5
1334,3
1336,2
1338,5
1340,TRIV
1342,2
1344,12
1346,3
1348,2
1350,TRIV
1352,11
1354,4
1356,1
1358,3
1360,TRIV
1362,1
1364,3
1366,12
1368,1
1370,TRIV
1372,4
1374,2
1376,1
1378,4
1380,TRIV
1382,5
1384,2
1386,3
1388,5
1390,TRIV
1392,4
1394,1
1396,6
1398,2
1400,TRIV
1402,2
1404,1
1406,3
1408,2
1410,TRIV
1412,7
1414,2
1416,6
1418,1
1420,TRIV
1422,1
1424,1
1426,2
1428,1
1430,TRIV
1432,30
1434,1
1436,5
1438,4
1440,TRIV
1442,1
1444,4
1446,1
1448,1
1450,TRIV
1452,6
1454,1
1456,2
1458,2
1460,TRIV
1462,2
1464,2
1466,1
1468,2
1470,TRIV
1472,3
1474,2
1476,1
1478,1
1480,TRIV
1482,1
1484,1
1486,2
1488,1
1490,TRIV
1492,6
1494,1
1496,3
1498,2
1500,TRIV
1502,3
1504,4
1506,1
1508,7
1510,TRIV
1512,3
1514,5
1516,4
1518,1
1520,TRIV
1522,16
1524,2
1526,1
1528,2
1530,TRIV
1532,3
1534,2
1536,4
1538,1
1540,TRIV
1542,2
1544,1
1546,2
1548,1
1550,TRIV
1552,8
1554,1
1556,87
1558,2
1560,TRIV
1562,1
1564,6
1566,1
1568,3
1570,TRIV
1572,2
1574,1
1576,2
1578,1
1580,TRIV
1582,2
1584,2
1586,15
1588,2
1590,TRIV
1592,1
1594,2
1596,1
1598,3
1600,TRIV
1602,1
1604,1
1606,6
1608,1
1610,TRIV
1612,2
1614,1
1616,1
1618,4
1620,TRIV
1622,1
1624,366
1626,4
1628,3
1630,TRIV
1632,1
1634,3
1636,8
1638,2
1640,TRIV
1642,2
1644,2
1646,35
1648,4
1650,TRIV
1652,1
1654,8
1656,4
1658,1
1660,TRIV
1662,1
1664,1
1666,6
1668,2
1670,TRIV
1672,2
1674,2
1676,3
1678,12
1680,TRIV
1682,21
1684,2
1686,3
1688,1
1690,TRIV
1692,1
1694,1
1696,2
1698,2
1700,TRIV
1702,6
1704,1
1706,3
1708,2
1710,TRIV
1712,45
1714,4
1716,1
1718,1
1720,TRIV
1722,2
1724,315
1726,4
1728,1
1730,TRIV
1732,4
1734,2
1736,1
1738,8
1740,TRIV
1742,1
1744,10
1746,3
1748,1
1750,TRIV
1752,2
1754,1
1756,4
1758,2
1760,TRIV
1762,2
1764,2
1766,17
1768,4
1770,TRIV
1772,1
1774,4
1776,2
1778,1
1780,TRIV
1782,1
1784,1
1786,2
1788,3
1790,TRIV
1792,4
1794,5
1796,1
1798,2
1800,TRIV
1802,31
1804,84
1806,1
1808,3
1810,TRIV
1812,4
1814,7
1816,4
1818,1
1820,TRIV
1822,2
1824,3
1826,1
1828,40
1830,TRIV
1832,5
1834,4
1836,2
1838,9
1840,TRIV
1842,1
1844,5
1846,2
1848,2
1850,TRIV
1852,2
1854,2
1856,1
1858,6
1860,TRIV
1862,1
1864,2
1866,1
1868,1
1870,TRIV
1872,1
1874,1
1876,2
1878,3
1880,TRIV
1882,2
1884,1
1886,3
1888,2
1890,TRIV
1892,3
1894,6
1896,1
1898,5
1900,TRIV
1902,1
1904,3
1906,2
1908,1
1910,TRIV
1912,48
1914,3
1916,13
1918,4
1920,TRIV
1922,9
1924,2
1926,1
1928,1
1930,TRIV
1932,4
1934,5
1936,10
1938,3
1940,TRIV
1942,10
1944,1
1946,1
1948,2
1950,TRIV
1952,5
1954,2
1956,3
1958,3
1960,TRIV
1962,2
1964,3
1966,4
1968,1
1970,TRIV
1972,2
1974,1
1976,5
1978,2
1980,TRIV
1982,1
1984,4
1986,2
1988,1
1990,TRIV
1992,1
1994,1
1996,4
1998,1
2000,TRIV
2002,2
2004,2
2006,1
2008,4
2010,TRIV
2012,1
2014,2
2016,3
2018,3
2020,TRIV
2022,1
2024,1
2026,36
2028,2
2030,TRIV
2032,4
2034,1
2036,3
2038,2
2040,TRIV
2042,5
2044,2
2046,4
2048,1
2050,TRIV
2052,4
2054,3
2056,2
2058,1
2060,TRIV
2062,2
2064,1
2066,7
2068,4
2070,TRIV
2072,5
2074,2
2076,1
2078,1
2080,TRIV
2082,1
2084,1
2086,2
2088,2
2090,TRIV
2092,1526
2094,1
2096,3
2098,8
2100,TRIV
2102,5
2104,2
2106,1
2108,1
2110,TRIV
2112,2
2114,3
2116,2
2118,2
2120,TRIV
2122,6
2124,1
2126,1
2128,2
2130,TRIV
2132,1
2134,8
2136,1
2138,1
2140,TRIV
2142,3
2144,3
2146,12
2148,1
2150,TRIV
2152,4
2154,2
2156,1
2158,6
2160,TRIV
2162,3
2164,4
2166,4
2168,3
2170,TRIV
2172,3
2174,1
2176,4
2178,2
2180,TRIV
2182,2
2184,3
2186,3
2188,2
2190,TRIV
2192,7
2194,4
2196,2
2198,1
2200,TRIV
2202,1
2204,7
2206,8
2208,1
2210,TRIV
2212,2
2214,2
2216,1
2218,2
2220,TRIV
2222,3
2224,8
2226,2
2228,257
2230,TRIV
2232,1
2234,1
2236,4
2238,1
2240,TRIV
2242,2
2244,2
2246,1
2248,2
2250,TRIV
2252,3
2254,4
2256,2
2258,3
2260,TRIV
2262,1
2264,1
2266,6
2268,1
2270,TRIV
2272,2
2274,3
2276,1
2278,4
2280,TRIV
2282,1
2284,2
2286,2
2288,1
2290,TRIV
2292,1
2294,5
2296,6
2298,3
2300,TRIV
2302,4
2304,1
2306,1
2308,2
2310,TRIV
2312,3
2314,2
2316,2
2318,5
2320,TRIV
2322,2
2324,5
2326,2
2328,1
2330,TRIV
2332,2
2334,1
2336,1
2338,4
2340,TRIV
2342,1
2344,4
2346,1
2348,3
2350,TRIV
2352,1
2354,5
2356,2
2358,2
2360,TRIV
2362,6
2364,2
2366,1
2368,2
2370,TRIV
2372,1
2374,2
2376,1
2378,1
2380,TRIV
2382,5
2384,1
2386,2
2388,1
2390,TRIV
2392,2
2394,1
2396,3
2398,2
2400,TRIV
2402,5
2404,10
2406,1
2408,9
2410,TRIV
2412,1
2414,3
2416,2
2418,1
2420,TRIV
2422,2
2424,3
2426,3
2428,28
2430,TRIV
2432,1
2434,2
2436,1
2438,5
2440,TRIV
2442,1
2444,5
2446,18
2448,2
2450,TRIV
2452,2
2454,1
2456,5
2458,4
2460,TRIV
2462,1
2464,4
2466,3
2468,1
2470,TRIV
2472,1
2474,7
2476,126
2478,2
2480,TRIV
2482,102
2484,3
2486,7
2488,60
2490,TRIV
2492,3
2494,4
2496,2
2498,1
2500,TRIV
2502,6
2504,7
2506,2
2508,3
2510,TRIV
2512,4
2514,2
2516,1
2518,2
2520,TRIV
2522,3
2524,2
2526,1
2528,5
2530,TRIV
2532,2
2534,1
2536,8
2538,1
2540,TRIV
2542,4
2544,1
2546,1
2548,10
2550,TRIV
2552,1
2554,2
2556,4
2558,3
2560,TRIV
2562,3
2564,3
2566,2
2568,2
2570,TRIV
2572,16
2574,1
2576,5
2578,4
2580,TRIV
2582,3
2584,2
2586,1
2588,1
2590,TRIV
2592,2
2594,3
2596,2
2598,6
2600,TRIV
2602,224
2604,1
2606,3
2608,2
2610,TRIV
2612,1
2614,132
2616,1
2618,5
2620,TRIV
2622,2
2624,3
2626,4
2628,1
2630,TRIV
2632,2
2634,2
2636,7
2638,2
2640,TRIV
2642,1
2644,6
2646,2
2648,9
2650,TRIV
2652,1
2654,1
2656,10
2658,1
2660,TRIV
2662,2
2664,2
2666,1
2668,2
2670,TRIV
2672,1
2674,2
2676,3
2678,1
2680,TRIV
2682,1
2684,1
2686,2
2688,1
2690,TRIV
2692,48
2694,1
2696,5
2698,4
2700,TRIV
2702,1
2704,2
2706,1
2708,1
2710,TRIV
2712,3
2714,1
2716,2
2718,3
2720,TRIV
2722,4
2724,1
2726,1
2728,2
2730,TRIV
2732,3
2734,4
2736,1
2738,7
2740,TRIV
2742,2
2744,1
2746,4
2748,1
2750,TRIV
2752,2
2754,3
2756,5
2758,8
2760,TRIV
2762,1
2764,2
2766,2
2768,9
2770,TRIV
2772,1
2774,477
2776,2
2778,2
2780,TRIV
2782,4
2784,1
2786,1
2788,4
2790,TRIV
2792,1
2794,2
2796,1
2798,1
2800,TRIV
2802,3
2804,7
2806,10
2808,2
2810,TRIV
2812,2
2814,1
2816,59
2818,2
2820,TRIV
2822,17
2824,4
2826,2
2828,1
2830,TRIV
2832,1
2834,9
2836,2
2838,1
2840,TRIV
2842,4
2844,3
2846,1
2848,8
2850,TRIV
2852,1
2854,2
2856,1
2858,9
2860,TRIV
2862,2
2864,7
2866,4
2868,6
2870,TRIV
2872,2
2874,1
2876,3
2878,2
2880,TRIV
2882,1
2884,2
2886,3
2888,7
2890,TRIV
2892,1
2894,3
2896,6
2898,1
2900,TRIV
2902,2
2904,1
2906,7
2908,4
2910,TRIV
2912,1
2914,2
2916,3
2918,5
2920,TRIV
2922,1
2924,3
2926,8
2928,2
2930,TRIV
2932,2
2934,1
2936,3
2938,2
2940,TRIV
2942,3
2944,2
2946,2
2948,1
2950,TRIV
2952,1
2954,3
2956,4
2958,1
2960,TRIV
2962,6
2964,1
2966,1
2968,4
2970,TRIV
2972,7
2974,2
2976,2
2978,11
2980,TRIV
2982,4
2984,3
2986,2
2988,4
2990,TRIV
2992,4
2994,1
2996,1
2998,2
3000,TRIV
3002,23
3004,8
3006,1
3008,5
3010,TRIV
3012,2
3014,1
3016,2
3018,1
3020,TRIV
3022,36
3024,2
3026,5
3028,54
3030,TRIV
3032,1
3034,4
3036,1
3038,3
3040,TRIV
3042,2
3044,1
3046,4
3048,4
3050,TRIV
3052,4
3054,2
3056,1
3058,2
3060,TRIV
3062,1
3064,2
3066,3
3068,203
3070,TRIV
3072,4
3074,1
3076,4
3078,1
3080,TRIV
3082,12
3084,1
3086,5
3088,6
3090,TRIV
3092,3
3094,2
3096,2
3098,7
3100,TRIV
3102,4
3104,1
3106,6
3108,4
3110,TRIV
3112,2
3114,1
3116,1
3118,6
3120,TRIV
3122,5
3124,6
3126,3
3128,3
3130,TRIV
3132,1
3134,3
3136,4
3138,2
3140,TRIV
3142,2
3144,2
3146,3
3148,6
3150,TRIV
3152,5
3154,4
3156,2
3158,1
3160,TRIV
3162,1
3164,1
3166,2
3168,4
3170,TRIV
3172,4
3174,3
3176,1
3178,2
3180,TRIV
3182,1
3184,2
3186,1
3188,3
3190,TRIV
3192,2
3194,3
3196,2
3198,1
3200,TRIV
3202,54
3204,1
3206,3
3208,4
3210,TRIV
3212,1
3214,6
3216,1
3218,3
3220,TRIV
3222,3
3224,1
3226,2
3228,2
3230,TRIV
3232,2
3234,2
3236,3
3238,4
3240,TRIV
3242,5
3244,6
3246,1
3248,1
3250,TRIV
3252,1
3254,1
3256,4
3258,10
3260,TRIV
3262,170
3264,3
3266,1
3268,14
3270,TRIV
3272,5
3274,2
3276,2
3278,11
3280,TRIV
3282,2
3284,7
3286,4
3288,2
3290,TRIV
3292,4
3294,1
3296,1
3298,2
3300,TRIV
3302,1
3304,2
3306,2
3308,1
3310,TRIV
3312,14
3314,1
3316,20
3318,1
3320,TRIV
3322,2
3324,1
3326,1
3328,22
3330,TRIV
3332,3
3334,2
3336,2
3338,1
3340,TRIV
3342,1
3344,3
3346,2
3348,2
3350,TRIV
3352,8
3354,1
3356,1
3358,12
3360,TRIV
3362,11
3364,2
3366,1
3368,1
3370,TRIV
3372,8
3374,3
3376,4
3378,4
3380,TRIV
3382,2
3384,1
3386,1
3388,2
3390,TRIV
3392,3
3394,4
3396,4
3398,13
3400,TRIV
3402,1
3404,3
3406,6
3408,1
3410,TRIV
3412,6
3414,3
3416,3
3418,214
3420,TRIV
3422,3
3424,2
3426,4
3428,1
3430,TRIV
3432,2
3434,3
3436,2
3438,2
3440,TRIV
3442,2
3444,1
3446,3
3448,4
3450,TRIV
3452,1
3454,4
3456,1
3458,1
3460,TRIV
3462,1
3464,1
3466,2
3468,3
3470,TRIV
3472,12
3474,2
3476,21
3478,16
3480,TRIV
3482,3
3484,14
3486,1
3488,3
3490,TRIV
3492,2
3494,1
3496,6
3498,3
3500,TRIV
3502,2
3504,2
3506,1
3508,2
3510,TRIV
3512,1
3514,2
3516,2
3518,3
3520,TRIV
3522,1
3524,1
3526,38
3528,1
3530,TRIV
3532,2
3534,1
3536,1
3538,6
3540,TRIV
3542,1
3544,8
3546,2
3548,3
3550,TRIV
3552,1
3554,1
3556,2
3558,2
3560,TRIV
3562,8
3564,5
3566,1
3568,2
3570,TRIV
3572,3
3574,126
3576,1
3578,1
3580,TRIV
3582,2
3584,3
3586,4
3588,1
3590,TRIV
3592,2
3594,3
3596,1103
3598,2
3600,TRIV
3602,1
3604,4
3606,2
3608,1
3610,TRIV
3612,1
3614,3
3616,4
3618,1
3620,TRIV
3622,198
3624,6
3626,1
3628,4
3630,TRIV
3632,1
3634,2
3636,3
3638,1
3640,TRIV
3642,3
3644,3
3646,2
3648,2
3650,TRIV
3652,2
3654,1
3656,5
3658,4
3660,TRIV
3662,11
3664,4
3666,1
3668,1
3670,TRIV
3672,1
3674,7
3676,2
3678,3
3680,TRIV
3682,10
3684,2
3686,1
3688,10
3690,TRIV
3692,1
3694,2
3696,1
3698,3
3700,TRIV
3702,2
3704,1
3706,28
3708,2
3710,TRIV
3712,4
3714,1
3716,5
3718,14
3720,TRIV
3722,1
3724,4
3726,3
3728,1
3730,TRIV
3732,4
3734,1
3736,2
3738,3
3740,TRIV
3742,2
3744,2
3746,5
3748,4
3750,TRIV
3752,3
3754,2
3756,1
3758,5
3760,TRIV
3762,1
3764,1
3766,4
3768,2
3770,TRIV
3772,2
3774,1
3776,7
3778,2
3780,TRIV
3782,3
3784,4
3786,3
3788,1
3790,TRIV
3792,1
3794,3
3796,2
3798,1
3800,TRIV
3802,6
3804,3
3806,3
3808,2
3810,TRIV
3812,7
3814,14
3816,1
3818,1
3820,TRIV
3822,2
3824,5
3826,2
3828,1
3830,TRIV
3832,4
3834,5
3836,5
3838,2
3840,TRIV
3842,1
3844,6
3846,1
3848,1
3850,TRIV
3852,2
3854,9
3856,2
3858,1
3860,TRIV
3862,12
3864,2
3866,5
3868,4
3870,TRIV
3872,1
3874,4702
3876,1
3878,3
3880,TRIV
3882,2
3884,1
3886,2
3888,3
3890,TRIV
3892,2
3894,2
3896,3
3898,2
3900,TRIV
3902,1
3904,2
3906,1
3908,23
3910,TRIV
3912,1
3914,1
3916,6
3918,1
3920,TRIV
3922,2
3924,1
3926,1
3928,6
3930,TRIV
3932,3
3934,6
3936,4
3938,1
3940,TRIV
3942,1
3944,5
3946,6
3948,3
3950,TRIV
3952,6
3954,3
3956,11
3958,4
3960,TRIV
3962,1
3964,2
3966,3
3968,3
3970,TRIV
3972,4
3974,3
3976,2
3978,2
3980,TRIV
3982,2
3984,1
3986,3
3988,2
3990,TRIV
3992,9
3994,2
3996,1
3998,1
4000,TRIV
4002,1
4004,3
4006,8
4008,1
4010,TRIV
4012,4
4014,1
4016,1
4018,4
4020,TRIV
4022,1
4024,2
4026,2
4028,3
4030,TRIV
4032,2
4034,3
4036,6
4038,4
4040,TRIV
4042,210
4044,1
4046,1
4048,2
4050,TRIV
4052,1
4054,2
4056,6
4058,7
4060,TRIV
4062,5
4064,7
4066,2
4068,1
4070,TRIV
4072,6
4074,1
4076,3
4078,4
4080,TRIV
4082,5
4084,6
4086,1
4088,1
4090,TRIV
4092,3
4094,1
4096,4
4098,4
4100,TRIV
4102,2
4104,2
4106,1
4108,2
4110,TRIV
4112,5
4114,2
4116,3
4118,3
4120,TRIV
4122,1
4124,1
4126,4
4128,1
4130,TRIV
4132,2
4134,1
4136,3
4138,6
4140,TRIV
4142,7
4144,14
4146,3
4148,1
4150,TRIV
4152,1
4154,1
4156,30
4158,3
4160,TRIV
4162,4
4164,3
4166,13
4168,4
4170,TRIV
4172,1
4174,4
4176,2
4178,9
4180,TRIV
4182,5
4184,5
4186,2
4188,4
4190,TRIV
4192,2
4194,2
4196,1
4198,3074
4200,TRIV
4202,3
4204,2
4206,1
4208,5
4210,TRIV
4212,1
4214,1
4216,2
4218,2
4220,TRIV
4222,16
4224,1
4226,1
4228,2
4230,TRIV
4232,3
4234,2
4236,1
4238,1
4240,TRIV
4242,6
4244,5
4246,2
4248,1
4250,TRIV
4252,4
4254,1
4256,1
4258,2
4260,TRIV
4262,7
4264,2
4266,1
4268,1
4270,TRIV
4272,2
4274,33
4276,14
4278,1
4280,TRIV
4282,14
4284,1
4286,5
4288,6
4290,TRIV
4292,1
4294,4
4296,3
4298,3
4300,TRIV
4302,2
4304,35
4306,4
4308,4
4310,TRIV
4312,2
4314,2
4316,3
4318,4
4320,TRIV
4322,1
4324,2
4326,3
4328,9
4330,TRIV
4332,1
4334,1
4336,6
4338,2
4340,TRIV
4342,4
4344,1
4346,7
4348,2
4350,TRIV
4352,1
4354,6
4356,3
4358,1
4360,TRIV
4362,4
4364,5
4366,2
4368,1
4370,TRIV
4372,2
4374,4
4376,11
4378,4
4380,TRIV
4382,3
4384,2
4386,1
4388,3
4390,TRIV
4392,1
4394,3
4396,2
4398,2
4400,TRIV
4402,8
4404,1
4406,7
4408,REM
4410,TRIV
4412,5
4414,4
4416,1
4418,1
4420,TRIV
4422,2
4424,3
4426,2
4428,12
4430,TRIV
4432,2
4434,4
4436,1
4438,2
4440,TRIV
4442,1
4444,8
4446,1
4448,5
4450,TRIV
4452,1
4454,11
4456,2
4458,1
4460,TRIV
4462,4
4464,5
4466,3
4468,2
4470,TRIV
4472,3
4474,4
4476,1
4478,1
4480,TRIV
4482,2
4484,7
4486,8
4488,1
4490,TRIV
4492,2
4494,2
4496,3
4498,2
4500,TRIV
4502,1
4504,6
4506,11
4508,1
4510,TRIV
4512,1
4514,1
4516,8
4518,1
4520,TRIV
4522,2
4524,2
4526,3
4528,4
4530,TRIV
4532,3
4534,8
4536,2
4538,3
4540,TRIV
4542,1
4544,1
4546,4
4548,3
4550,TRIV
4552,6
4554,3
4556,1
4558,2
4560,TRIV
4562,1
4564,4
4566,2
4568,9
4570,TRIV
4572,2
4574,5
4576,6
4578,1
4580,TRIV
4582,10
4584,4
4586,1
4588,10
4590,TRIV
4592,1
4594,6
4596,2
4598,1
4600,TRIV
4602,4
4604,3
4606,4
4608,3
4610,TRIV
4612,2
4614,2
4616,1
4618,2
4620,TRIV
4622,17
4624,2
4626,2
4628,5
4630,TRIV
4632,1
4634,1
4636,4
4638,1
4640,TRIV
4642,68
4644,1
4646,1
4648,2
4650,TRIV
4652,1
4654,2
4656,4
4658,1
4660,TRIV
4662,3
4664,3
4666,2
4668,1
4670,TRIV
4672,4
4674,1
4676,3
4678,2
4680,TRIV
4682,17
4684,4
4686,1
4688,3
4690,TRIV
4692,3
4694,45
4696,2
4698,1
4700,TRIV
4702,6
4704,2
4706,3
4708,2
4710,TRIV
4712,7
4714,2130
4716,1
4718,1
4720,TRIV
4722,4
4724,1
4726,2
4728,1
4730,TRIV
4732,6
4734,2
4736,3
4738,50
4740,TRIV
4742,5
4744,6
4746,1
4748,5
4750,TRIV
4752,3
4754,1
4756,4
4758,2
4760,TRIV
4762,2
4764,2
4766,7
4768,2
4770,TRIV
4772,51
4774,2
4776,2
4778,1
4780,TRIV
4782,1
4784,1
4786,6
4788,1
4790,TRIV
4792,2
4794,1
4796,1
4798,640
4800,TRIV
4802,5
4804,8
4806,2
4808,1
4810,TRIV
4812,1
4814,7
4816,4
4818,3
4820,TRIV
4822,14
4824,4
4826,1
4828,8
4830,TRIV
4832,3
4834,8
4836,2
4838,5
4840,TRIV
4842,3
4844,3
4846,2
4848,3
4850,TRIV
4852,2
4854,4
4856,1
4858,4
4860,TRIV
4862,3
4864,2
4866,1
4868,3
4870,TRIV
4872,1
4874,3
4876,4
4878,2
4880,TRIV
4882,4
4884,1
4886,3
4888,8
4890,TRIV
4892,5
4894,2
4896,3
4898,1
4900,TRIV
4902,4
4904,1
4906,2
4908,2
4910,TRIV
4912,2
4914,1
4916,9
4918,2
4920,TRIV
4922,7
4924,6
4926,1
4928,1
4930,TRIV
4932,1
4934,3
4936,266
4938,1
4940,TRIV
4942,2
4944,2
4946,1
4948,2
4950,TRIV
4952,1
4954,20
4956,3
4958,2333
4960,TRIV
4962,1
4964,1
4966,4
4968,1
4970,TRIV
4972,8
4974,2
4976,3
4978,2
4980,TRIV
4982,1
4984,2
4986,2
4988,1
4990,TRIV
4992,5
4994,1
4996,2
4998,1
5000,TRIV
5002,6
5004,1
5006,1
5008,10
5010,TRIV
5012,7
5014,2
5016,1
5018,1
5020,TRIV
5022,3
5024,11
5026,2
5028,3
5030,TRIV
5032,4
5034,1
5036,5
5038,6
5040,TRIV
5042,3
5044,4
5046,1
5048,4733
5050,TRIV
5052,2
5054,1
5056,2
5058,4
5060,TRIV
5062,2
5064,3
5066,5
5068,4
5070,TRIV
5072,1
5074,2
5076,1
5078,7
5080,TRIV
5082,1
5084,3
5086,4
5088,2
5090,TRIV
5092,4
5094,1
5096,1
5098,10
5100,TRIV
5102,1
5104,28
5106,3
5108,1
5110,TRIV
5112,3
5114,1
5116,4
5118,4
5120,TRIV
5122,2
5124,4
5126,51
5128,2
5130,TRIV
5132,7
5134,6
5136,3
5138,5
5140,TRIV
5142,1
5144,5
5146,2
5148,1
5150,TRIV
5152,30
5154,2
5156,3
5158,4
5160,TRIV
5162,1
5164,2
5166,1
5168,5
5170,TRIV
5172,2
5174,1
5176,4
5178,3
5180,TRIV
5182,4
5184,1
5186,5
5188,4
5190,TRIV
5192,1
5194,10
5196,4
5198,3
5200,TRIV
5202,2
5204,1
5206,2
5208,2
5210,TRIV
5212,2
5214,4
5216,7
5218,4
5220,TRIV
5222,1
5224,4
5226,1
5228,1
5230,TRIV
5232,1
5234,11
5236,2
5238,5
5240,TRIV
5242,4
5244,4
5246,11
5248,2
5250,TRIV
5252,5
5254,2
5256,1
5258,7
5260,TRIV
5262,3
5264,5
5266,8
5268,1
5270,TRIV
5272,2
5274,1
5276,1
5278,2
5280,TRIV
5282,3
5284,2
5286,10
5288,3
5290,TRIV
5292,1
5294,3
5296,6
5298,1
5300,TRIV
5302,4
5304,1
5306,3
5308,2
5310,TRIV
5312,3
5314,4
5316,3
5318,1
5320,TRIV
5322,2
5324,3
5326,2
5328,1
5330,TRIV
5332,14
5334,6
5336,5
5338,6
5340,TRIV
5342,1
5344,12
5346,1
5348,17
5350,TRIV
5352,3
5354,3
5356,2
5358,3
5360,TRIV
5362,2
5364,22
5366,33
5368,2
5370,TRIV
5372,7
5374,2
5376,1
5378,3
5380,TRIV
5382,1
5384,19
5386,4
5388,1
5390,TRIV
5392,2
5394,1
5396,3
5398,6
5400,TRIV
5402,1
5404,4
5406,2
5408,1
5410,TRIV
5412,1
5414,1
5416,2
5418,2
5420,TRIV
5422,4
5424,2
5426,1
5428,4
5430,TRIV
5432,1
5434,6
5436,1
5438,1
5440,TRIV
5442,4
5444,1
5446,2
5448,3
5450,TRIV
5452,2
5454,2
5456,3
5458,2
5460,TRIV
5462,45
5464,4
5466,1
5468,23
5470,TRIV
5472,1
5474,1
5476,2
5478,1
5480,TRIV
5482,2
5484,5
5486,13
5488,4
5490,TRIV
5492,7
5494,2
5496,1
5498,1
5500,TRIV
5502,1
5504,5
5506,2
5508,4
5510,TRIV
5512,10
5514,1
5516,1
5518,4
5520,TRIV
5522,1
5524,6
5526,1
5528,3
5530,TRIV
5532,2
5534,3
5536,16
5538,2
5540,TRIV
5542,12
5544,2
5546,11
5548,2
5550,TRIV
5552,1
5554,6
5556,2
5558,1
5560,TRIV
5562,6
5564,1
5566,2
5568,1
5570,TRIV
5572,4
5574,4
5576,1
5578,4
5580,TRIV
5582,5
5584,24
5586,1
5588,5
5590,TRIV
5592,3
5594,5
5596,4
5598,2
5600,TRIV
5602,6
5604,4
5606,5
5608,12
5610,TRIV
5612,3
5614,2
5616,2
5618,1
5620,TRIV
5622,2
5624,3
5626,2
5628,2
5630,TRIV
5632,2
5634,1
5636,1
5638,4
5640,TRIV
5642,1
5644,2
5646,1
5648,1
5650,TRIV
5652,1
5654,1
5656,12
5658,2
5660,TRIV
5662,4
5664,1
5666,3
5668,2
5670,TRIV
5672,119
5674,4
5676,2
5678,1
5680,TRIV
5682,3
5684,1
5686,2
5688,1
5690,TRIV
5692,2
5694,5
5696,1
5698,4
5700,TRIV
5702,3
5704,4
5706,1
5708,7
5710,TRIV
5712,1
5714,3
5716,2
5718,2
5720,TRIV
5722,6
5724,2
5726,3
5728,4
5730,TRIV
5732,1
5734,4
5736,1
5738,1
5740,TRIV
5742,3
5744,1
5746,10
5748,4
5750,TRIV
5752,6
5754,2
5756,3
5758,2
5760,TRIV
5762,5
5764,4
5766,2
5768,5
5770,TRIV
5772,3
5774,1
5776,2
5778,1
5780,TRIV
5782,2
5784,9
5786,1
5788,2
5790,TRIV
5792,9
5794,6
5796,1
5798,3
5800,TRIV
5802,1
5804,5
5806,28
5808,1
5810,TRIV
5812,8
5814,2
5816,1
5818,2
5820,TRIV
5822,1
5824,2
5826,2
5828,3
5830,TRIV
5832,2
5834,1
5836,2
5838,1
5840,TRIV
5842,2
5844,1
5846,1
5848,4
5850,TRIV
5852,1
5854,2
5856,1
5858,7
5860,TRIV
5862,1
5864,1
5866,4
5868,6
5870,TRIV
5872,2
5874,1
5876,1
5878,2
5880,TRIV
5882,3
5884,8
5886,3
5888,5
5890,TRIV
5892,1
5894,9
5896,4
5898,1
5900,TRIV
5902,2
5904,3
5906,9
5908,8
5910,TRIV
5912,3
5914,2
5916,5
5918,1
5920,TRIV
5922,1
5924,5
5926,4
5928,2
5930,TRIV
5932,6
5934,1
5936,7
5938,4
5940,TRIV
5942,3
5944,4
5946,4
5948,1
5950,TRIV
5952,4
5954,3
5956,2
5958,16
5960,TRIV
5962,2
5964,3
5966,3
5968,44
5970,TRIV
5972,37
5974,4
5976,1
5978,5
5980,TRIV
5982,1
5984,5
5986,2
5988,3
5990,TRIV
5992,6
5994,4
5996,3
5998,8
6000,TRIV
6002,1
6004,2
6006,1
6008,3
6010,TRIV
6012,2
6014,11
6016,12
6018,2
6020,TRIV
6022,2
6024,1
6026,3
6028,2
6030,TRIV
6032,1
6034,4
6036,4
6038,1
6040,TRIV
6042,1
6044,11
6046,12
6048,1
6050,TRIV
6052,10
6054,2
6056,5
6058,6
6060,TRIV
6062,1
6064,2
6066,2
6068,1
6070,TRIV
6072,3
6074,1
6076,2
6078,3
6080,TRIV
6082,REM
6084,1
6086,1
6088,2
6090,TRIV
6092,3
6094,4
6096,1
6098,7
6100,TRIV
6102,5
6104,3
6106,2
6108,1
6110,TRIV
6112,4
6114,5
6116,1
6118,2
6120,TRIV
6122,3
6124,488
6126,1
6128,1
6130,TRIV
6132,3
6134,11
6136,4
6138,1
6140,TRIV
6142,6
6144,3
6146,1
6148,2
6150,TRIV
6152,3
6154,4
6156,4
6158,1
6160,TRIV
6162,3
6164,1161
6166,4
6168,1
6170,TRIV
6172,2
6174,2
6176,3
6178,2
6180,TRIV
6182,7
6184,10
6186,2
6188,7
6190,TRIV
6192,1
6194,1
6196,2
6198,1
6200,TRIV
6202,4
6204,2
6206,1
6208,4
6210,TRIV
6212,1
6214,6
6216,1
6218,3
6220,TRIV
6222,2
6224,1
6226,6
6228,3
6230,TRIV
6232,2
6234,3
6236,3
6238,2
6240,TRIV
6242,1
6244,2
6246,2
6248,3
6250,TRIV
6252,1
6254,3
6256,6
6258,1
6260,TRIV
6262,2
6264,1
6266,1
6268,6
6270,TRIV
6272,1
6274,2
6276,2
6278,5
6280,TRIV
6282,1
6284,29
6286,2
6288,5
6290,TRIV
6292,2
6294,1
6296,1
6298,2
6300,TRIV
6302,3
6304,2
6306,1
6308,5
6310,TRIV
6312,1
6314,5
6316,22
6318,1
6320,TRIV
6322,4
6324,1
6326,3
6328,2
6330,TRIV
6332,1
6334,2
6336,2
6338,1
6340,TRIV
6342,2
6344,3
6346,4
6348,1
6350,TRIV
6352,4
6354,1
6356,1
6358,4
6360,TRIV
6362,1
6364,2
6366,3
6368,1
6370,TRIV
6372,2
6374,1
6376,4
6378,6
6380,TRIV
6382,18
6384,1
6386,5
6388,4
6390,TRIV
6392,1
6394,4
6396,2
6398,7
6400,TRIV
6402,2
6404,3
6406,6
6408,5
6410,TRIV
6412,6
6414,4
6416,1
6418,4
6420,TRIV
6422,1
6424,2
6426,2
6428,3
6430,TRIV
6432,4
6434,7
6436,24
6438,3
6440,TRIV
6442,6
6444,1
6446,1
6448,2
6450,TRIV
6452,3
6454,4
6456,2
6458,9
6460,TRIV
6462,5
6464,1
6466,2
6468,1
6470,TRIV
6472,10
6474,3
6476,1
6478,4
6480,TRIV
6482,3
6484,4
6486,1
6488,5
6490,TRIV
6492,13
6494,3
6496,2
6498,5
6500,TRIV
6502,4
6504,2
6506,5
6508,6
6510,TRIV
6512,3
6514,48
6516,1
6518,5
6520,TRIV
6522,2
6524,1
6526,2
6528,2
6530,TRIV
6532,6
6534,3
6536,3
6538,2
6540,TRIV
6542,1
6544,2
6546,1
6548,1
6550,TRIV
6552,2
6554,3
6556,2
6558,1
6560,TRIV
6562,4
6564,1
6566,1
6568,4
6570,TRIV
6572,1
6574,2
6576,1
6578,3
6580,TRIV
6582,2
6584,3
6586,4
6588,4
6590,TRIV
6592,8
6594,1
6596,5
6598,8
6600,TRIV
6602,1
6604,4
6606,7
6608,3
6610,TRIV
6612,2
6614,1
6616,10
6618,4
6620,TRIV
6622,4
6624,5
6626,7
6628,2
6630,TRIV
6632,1
6634,2
6636,2
6638,3
6640,TRIV
6642,5
6644,5
6646,6
6648,1
6650,TRIV
6652,6
6654,1
6656,1
6658,4
6660,TRIV
6662,5
6664,2
6666,2
6668,1
6670,TRIV
6672,4
6674,1
6676,2
6678,2
6680,TRIV
6682,4
6684,1
6686,1
6688,10
6690,TRIV
6692,5
6694,2
6696,1
6698,1
6700,TRIV
6702,3
6704,1
6706,4
6708,2
6710,TRIV
6712,2
6714,1
6716,3
6718,6
6720,TRIV
6722,9
6724,4
6726,4
6728,1
6730,TRIV
6732,1
6734,5
6736,2
6738,2
6740,TRIV
6742,6
6744,3
6746,3
6748,8
6750,TRIV
6752,13
6754,2
6756,1
6758,1
6760,TRIV
6762,5
6764,9
6766,2
6768,2
6770,TRIV
6772,6
6774,1
6776,1
6778,2
6780,TRIV
6782,3
6784,6
6786,1
6788,1
6790,TRIV
6792,3
6794,7
6796,10
6798,1
6800,TRIV
6802,2
6804,2
6806,5
6808,2
6810,TRIV
6812,29
6814,12
6816,2
6818,1
6820,TRIV
6822,1
6824,1
6826,4
6828,1
6830,TRIV
6832,2
6834,3
6836,1
6838,2
6840,TRIV
6842,3
6844,2
6846,2
6848,5
6850,TRIV
6852,1
6854,7
6856,4
6858,1
6860,TRIV
6862,4
6864,1
6866,1
6868,8
6870,TRIV
6872,3
6874,2
6876,3
6878,1
6880,TRIV
6882,2
6884,5
6886,2
6888,3
6890,TRIV
6892,2
6894,1
6896,7
6898,4
6900,TRIV
6902,1
6904,4
6906,1
6908,9
6910,TRIV
6912,1
6914,3
6916,4
6918,3
6920,TRIV
6922,2
6924,2
6926,9
6928,26
6930,TRIV
6932,3
6934,2
6936,2
6938,11
6940,TRIV
6942,1
6944,1
6946,2
6948,4
6950,TRIV
6952,2
6954,1
6956,1
6958,2
6960,TRIV
6962,1
6964,4
6966,1
6968,5
6970,TRIV
6972,1
6974,5
6976,2
6978,1
6980,TRIV
6982,4
6984,3
6986,1
6988,2
6990,TRIV
6992,1
6994,2
6996,1
6998,77
7000,TRIV
7002,2
7004,3
7006,22
7008,1
7010,TRIV
7012,6
7014,1
7016,5
7018,2
7020,TRIV
7022,1
7024,4
7026,3
7028,19
7030,TRIV
7032,2
7034,1
7036,10
7038,1
7040,TRIV
7042,10
7044,2
7046,15
7048,4
7050,TRIV
7052,1
7054,2
7056,4
7058,9
7060,TRIV
7062,3
7064,1
7066,4
7068,3
7070,TRIV
7072,6
7074,1
7076,7
7078,2
7080,TRIV
7082,3
7084,2
7086,3
7088,3
7090,TRIV
7092,4
7094,3
7096,2
7098,1
7100,TRIV
7102,2
7104,1
7106,31
7108,42
7110,TRIV
7112,3
7114,6
7116,1
7118,3
7120,TRIV
7122,1
7124,1
7126,2
7128,3
7130,TRIV
7132,4
7134,2
7136,9
7138,8
7140,TRIV
7142,5
7144,6
7146,1
7148,5
7150,TRIV
7152,2
7154,1
7156,14
7158,3
7160,TRIV
7162,2
7164,4
7166,9
7168,2
7170,TRIV
7172,1
7174,8
7176,5
7178,5
7180,TRIV
7182,1
7184,3
7186,2
7188,1
7190,TRIV
7192,4
7194,2
7196,3
7198,4
7200,TRIV
7202,1
7204,2
7206,1
7208,1
7210,TRIV
7212,2
7214,1
7216,4
7218,2
7220,TRIV
7222,2
7224,1
7226,3
7228,2
7230,TRIV
7232,1
7234,6
7236,6
7238,1
7240,TRIV
7242,1
7244,3
7246,6
7248,1
7250,TRIV
7252,4
7254,4
7256,7
7258,2
7260,TRIV
7262,95
7264,14
7266,5
7268,3
7270,TRIV
7272,2
7274,5
7276,4
7278,1
7280,TRIV
7282,2
7284,2
7286,3
7288,14
7290,TRIV
7292,1
7294,4
7296,2
7298,21
7300,TRIV
7302,1
7304,1
7306,2
7308,2
7310,TRIV
7312,4
7314,7
7316,1
7318,6
7320,TRIV
7322,7
7324,2
7326,1
7328,1
7330,TRIV
7332,3
7334,3
7336,6
7338,4
7340,TRIV
7342,152
7344,1
7346,1
7348,6
7350,TRIV
7352,3
7354,10
7356,3
7358,11
7360,TRIV
7362,3
7364,1
7366,12
7368,2
7370,TRIV
7372,12
7374,3
7376,5
7378,6
7380,TRIV
7382,3
7384,4
7386,2
7388,1
7390,TRIV
7392,2
7394,15
7396,6
7398,3
7400,TRIV
7402,6
7404,3
7406,1
7408,2
7410,TRIV
7412,1
7414,4
7416,3
7418,79
7420,TRIV
7422,3
7424,3
7426,2
7428,1
7430,TRIV
7432,2
7434,2
7436,3
7438,6
7440,TRIV
7442,5
7444,4
7446,1
7448,3
7450,TRIV
7452,1
7454,1
7456,2
7458,3
7460,TRIV
7462,2
7464,2
7466,3
7468,4
7470,TRIV
7472,1
7474,2
7476,1
7478,3
7480,TRIV
7482,1
7484,1
7486,4
7488,5
7490,TRIV
7492,2
7494,1
7496,3
7498,2
7500,TRIV
7502,1
7504,2
7506,5
7508,15
7510,TRIV
7512,1
7514,3
7516,2
7518,1
7520,TRIV
7522,2
7524,1
7526,5
7528,36
7530,TRIV
7532,1
7534,2
7536,1
7538,5
7540,TRIV
7542,1
7544,1
7546,4
7548,2
7550,TRIV
7552,2
7554,1
7556,1
7558,2
7560,TRIV
7562,3
7564,2
7566,2
7568,1
7570,TRIV
7572,1
7574,3
7576,6
7578,1
7580,TRIV
7582,2
7584,1
7586,1
7588,8
7590,TRIV
7592,3
7594,4
7596,2
7598,1
7600,TRIV
7602,1
7604,5
7606,4
7608,4
7610,TRIV
7612,4
7614,2
7616,1
7618,2
7620,TRIV
7622,23
7624,2
7626,6
7628,3
7630,TRIV
7632,3
7634,1
7636,8
7638,1
7640,TRIV
7642,8
7644,1
7646,5
7648,2
7650,TRIV
7652,11
7654,6
7656,2
7658,15
7660,TRIV
7662,2
7664,1
7666,2
7668,1
7670,TRIV
7672,4
7674,2
7676,1
7678,2
7680,TRIV
7682,1
7684,32
7686,1
7688,9
7690,TRIV
7692,2
7694,1
7696,6
7698,1
7700,TRIV
7702,2
7704,3
7706,5
7708,6
7710,TRIV
7712,1
7714,6
7716,2
7718,1
7720,TRIV
7722,1
7724,15
7726,44
7728,2
7730,TRIV
7732,2
7734,2
7736,1
7738,4
7740,TRIV
7742,3
7744,4
7746,6
7748,1
7750,TRIV
7752,1
7754,1
7756,10
7758,3
7760,TRIV
7762,4
7764,2
7766,5
7768,2
7770,TRIV
7772,45
7774,6
7776,3
7778,5
7780,TRIV
7782,3
7784,1
7786,10
7788,1
7790,TRIV
7792,2
7794,3
7796,9
7798,2
7800,TRIV
7802,3
7804,2
7806,4
7808,3
7810,TRIV
7812,1
7814,5
7816,2
7818,1
7820,TRIV
7822,4
7824,1
7826,3
7828,2
7830,TRIV
7832,5
7834,6
7836,1
7838,3
7840,TRIV
7842,2
7844,9
7846,8
7848,1
7850,TRIV
7852,2
7854,2
7856,21
7858,2
7860,TRIV
7862,1
7864,18
7866,7
7868,1
7870,TRIV
7872,1
7874,1
7876,2
7878,1
7880,TRIV
7882,2
7884,3
7886,3
7888,4
7890,TRIV
7892,3
7894,2
7896,1
7898,39
7900,TRIV
7902,1
7904,7
7906,6
7908,2
7910,TRIV
7912,2
7914,1
7916,25
7918,4
7920,TRIV
7922,1
7924,2
7926,2
7928,1
7930,TRIV
7932,1
7934,3
7936,6
7938,2
7940,TRIV
7942,6
7944,1
7946,1
7948,4
7950,TRIV
7952,7
7954,40
7956,3
7958,1
7960,TRIV
7962,3
7964,3
7966,8
7968,2
7970,TRIV
7972,4
7974,4
7976,3
7978,6
7980,TRIV
7982,9
7984,2
7986,2
7988,1
7990,TRIV
7992,2
7994,5
7996,8
7998,3
8000,TRIV
8002,4
8004,1
8006,1
8008,6
8010,TRIV
8012,1
8014,2
8016,4
8018,7
8020,TRIV
8022,3
8024,5
8026,20
8028,2
8030,TRIV
8032,30
8034,1
8036,3
8038,4
8040,TRIV
8042,3
8044,2
8046,3
8048,1
8050,TRIV
8052,4
8054,1
8056,2
8058,7
8060,TRIV
8062,2
8064,1
8066,3
8068,2
8070,TRIV
8072,5
8074,4
8076,1
8078,13
8080,TRIV
8082,1
8084,1
8086,2
8088,1
8090,TRIV
8092,2
8094,3
8096,1
8098,2
8100,TRIV
8102,13
8104,8
8106,1
8108,3
8110,TRIV
8112,1
8114,5
8116,4
8118,1
8120,TRIV
8122,2
8124,7
8126,5
8128,4
8130,TRIV
8132,5
8134,8
8136,2
8138,3
8140,TRIV
8142,1
8144,3
8146,2
8148,3
8150,TRIV
8152,716
8154,2
8156,1
8158,4
8160,TRIV
8162,1
8164,6
8166,1
8168,3
8170,TRIV
8172,3
8174,1
8176,6
8178,4
8180,TRIV
8182,4
8184,2
8186,1
8188,6
8190,TRIV
8192,3
8194,2
8196,2
8198,7
8200,TRIV
8202,6
8204,1
8206,2
8208,2
8210,TRIV
8212,2
8214,1
8216,1
8218,2
8220,TRIV
8222,9
8224,4
8226,1
8228,1
8230,TRIV
8232,1
8234,129
8236,4
8238,1
8240,TRIV
8242,4
8244,2
8246,7
8248,2
8250,TRIV
8252,3
8254,6
8256,7
8258,1
8260,TRIV
8262,2
8264,1
8266,2
8268,1
8270,TRIV
8272,2
8274,5
8276,203
8278,8
8280,TRIV
8282,1
8284,6
8286,1
8288,1
8290,TRIV
8292,1
8294,3
8296,8
8298,3
8300,TRIV
8302,14
8304,2
8306,1
8308,4
8310,TRIV
8312,1
8314,12
8316,4
8318,3
8320,TRIV
8322,3
8324,1
8326,4
8328,2
8330,TRIV
8332,6
8334,21
8336,3
8338,2
8340,TRIV
8342,3
8344,2
8346,4
8348,1
8350,TRIV
8352,2
8354,91
8356,6
8358,1
8360,TRIV
8362,2
8364,1
8366,5
8368,6
8370,TRIV
8372,1
8374,4
8376,3
8378,5
8380,TRIV
8382,1
8384,1
8386,4
8388,3
8390,TRIV
8392,22
8394,2
8396,3
8398,2
8400,TRIV
8402,3
8404,2
8406,2
8408,7
8410,TRIV
8412,3
8414,1
8416,4
8418,1
8420,TRIV
8422,2
8424,1
8426,1
8428,16
8430,TRIV
8432,463
8434,4
8436,2
8438,1
8440,TRIV
8442,1
8444,1955
8446,6
8448,3
8450,TRIV
8452,6
8454,5
8456,1
8458,6
8460,TRIV
8462,1
8464,12
8466,4
8468,5
8470,TRIV
8472,3
8474,3
8476,2
8478,4
8480,TRIV
8482,6
8484,3
8486,63
8488,2
8490,TRIV
8492,5
8494,12
8496,1
8498,3
8500,TRIV
8502,2
8504,3
8506,8
8508,1
8510,TRIV
8512,2
8514,2
8516,1
8518,2
8520,TRIV
8522,1
8524,8
8526,4
8528,9
8530,TRIV
8532,1
8534,1
8536,4
8538,1
8540,TRIV
8542,12
8544,3
8546,9
8548,2
8550,TRIV
8552,3
8554,6
8556,2
8558,1
8560,TRIV
8562,4
8564,3
8566,26
8568,1
8570,TRIV
8572,2
8574,2
8576,1
8578,4
8580,TRIV
8582,3
8584,2
8586,7
8588,3
8590,TRIV
8592,1
8594,1
8596,4
8598,2
8600,TRIV
8602,2
8604,1
8606,3
8608,12
8610,TRIV
8612,3
8614,4
8616,2
8618,1
8620,TRIV
8622,1
8624,1
8626,6
8628,3
8630,TRIV
8632,4
8634,9
8636,1
8638,2
8640,TRIV
8642,1
8644,2
8646,7
8648,13
8650,TRIV
8652,2
8654,3
8656,2
8658,1
8660,TRIV
8662,16
8664,1
8666,3647
8668,2
8670,TRIV
8672,1
8674,2
8676,1
8678,3
8680,TRIV
8682,2
8684,1
8686,4
8688,1
8690,TRIV
8692,6
8694,1
8696,3
8698,4
8700,TRIV
8702,1
8704,6
8706,2
8708,1
8710,TRIV
8712,2
8714,1
8716,2
8718,4
8720,TRIV
8722,2
8724,3
8726,1
8728,2
8730,TRIV
8732,1
8734,6
8736,1
8738,3
8740,TRIV
8742,1
8744,7
8746,4
8748,1
8750,TRIV
8752,4
8754,2
8756,1
8758,2
8760,TRIV
8762,3
8764,8
8766,4
8768,3
8770,TRIV
8772,4
8774,1
8776,8
8778,1
8780,TRIV
8782,2
8784,5
8786,11
8788,4
8790,TRIV
8792,9
8794,2
8796,2
8798,1
8800,TRIV
8802,1
8804,3
8806,2
8808,3
8810,TRIV
8812,2
8814,1
8816,1
8818,6
8820,TRIV
8822,143
8824,2
8826,1
8828,5
8830,TRIV
8832,1
8834,1
8836,2
8838,2
8840,TRIV
8842,2
8844,1
8846,3
8848,4
8850,TRIV
8852,15
8854,4
8856,1
8858,1
8860,TRIV
8862,1
8864,9
8866,4
8868,2
8870,TRIV
8872,4
8874,3
8876,3
8878,10
8880,TRIV
8882,1
8884,6
8886,3
8888,1
8890,TRIV
8892,6
8894,15
8896,4
8898,2
8900,TRIV
8902,6
8904,2
8906,17
8908,2
8910,TRIV
8912,5
8914,4
8916,2
8918,1
8920,TRIV
8922,4
8924,1
8926,2
8928,1
8930,TRIV
8932,8
8934,3
8936,1
8938,2
8940,TRIV
8942,3
8944,2
8946,1
8948,5
8950,TRIV
8952,8
8954,23
8956,10
8958,1
8960,TRIV
8962,4
8964,1
8966,1
8968,6
8970,TRIV
8972,5
8974,2
8976,2
8978,3
8980,TRIV
8982,2
8984,3
8986,2
8988,2
8990,TRIV
8992,8
8994,1
8996,1
8998,4
9000,TRIV
9002,1
9004,2
9006,1
9008,1
9010,TRIV
9012,3
9014,9
9016,2
9018,2
9020,TRIV
9022,8
9024,1
9026,3
9028,14
9030,TRIV
9032,3
9034,2
9036,1
9038,1
9040,TRIV
9042,2
9044,1
9046,6
9048,3
9050,TRIV
9052,4
9054,1
9056,3
9058,6
9060,TRIV
9062,1
9064,4
9066,2
9068,9
9070,TRIV
9072,4
9074,3
9076,12
9078,2
9080,TRIV
9082,46
9084,2
9086,1
9088,20
9090,TRIV
9092,33
9094,4
9096,3
9098,1
9100,TRIV
9102,2
9104,1
9106,8
9108,2
9110,TRIV
9112,2
9114,3
9116,3
9118,4
9120,TRIV
9122,1
9124,4
9126,2
9128,1
9130,TRIV
9132,1
9134,295
9136,2
9138,5
9140,TRIV
9142,4
9144,4
9146,1
9148,2
9150,TRIV
9152,1
9154,12
9156,1
9158,3
9160,TRIV
9162,2
9164,5
9166,4
9168,1
9170,TRIV
9172,14
9174,2
9176,1
9178,2
9180,TRIV
9182,1
9184,2
9186,3
9188,7
9190,TRIV
9192,4
9194,1
9196,2
9198,1
9200,TRIV
9202,2
9204,1
9206,11
9208,4
9210,TRIV
9212,3
9214,2
9216,1
9218,3
9220,TRIV
9222,1
9224,3
9226,4
9228,8
9230,TRIV
9232,2
9234,1
9236,1
9238,38
9240,TRIV
9242,23
9244,36
9246,3
9248,5
9250,TRIV
9252,1
9254,5
9256,2
9258,2
9260,TRIV
9262,4
9264,6
9266,3
9268,2
9270,TRIV
9272,1
9274,8
9276,1
9278,1
9280,TRIV
9282,4
9284,5
9286,2
9288,1
9290,TRIV
9292,6
9294,2
9296,3
9298,2
9300,TRIV
9302,7
9304,4
9306,1
9308,3
9310,TRIV
9312,2
9314,1
9316,2
9318,1
9320,TRIV
9322,152
9324,2
9326,5
9328,6
9330,TRIV
9332,1
9334,124
9336,1
9338,1
9340,TRIV
9342,3
9344,1
9346,2
9348,3
9350,TRIV
9352,2
9354,3
9356,7
9358,8
9360,TRIV
9362,5
9364,6
9366,1
9368,75
9370,TRIV
9372,1
9374,43
9376,16
9378,2
9380,TRIV
9382,4
9384,4
9386,1
9388,2
9390,TRIV
9392,1
9394,2
9396,2
9398,1
9400,TRIV
9402,5
9404,33
9406,2
9408,1
9410,TRIV
9412,2
9414,1
9416,1
9418,18
9420,TRIV
9422,3
9424,50
9426,1
9428,1
9430,TRIV
9432,1
9434,1
9436,2
9438,2
9440,TRIV
9442,2
9444,4
9446,111
9448,2
9450,TRIV
9452,5
9454,2
9456,1
9458,1
9460,TRIV
9462,1
9464,5
9466,2
9468,1
9470,TRIV
9472,2
9474,1
9476,3
9478,4
9480,TRIV
9482,85
9484,8
9486,1
9488,3
9490,TRIV
9492,1
9494,3
9496,2
9498,3
9500,TRIV
9502,6
9504,3
9506,1
9508,2
9510,TRIV
9512,5
9514,2
9516,1
9518,3
9520,TRIV
9522,2
9524,3
9526,2
9528,1
9530,TRIV
9532,8
9534,1
9536,3
9538,4
9540,TRIV
9542,1
9544,4
9546,1
9548,13
9550,TRIV
9552,3
9554,3
9556,4
9558,6
9560,TRIV
9562,2
9564,3
9566,7
9568,4
9570,TRIV
9572,3
9574,8
9576,2
9578,5
9580,TRIV
9582,1
9584,11
9586,4
9588,2
9590,TRIV
9592,8
9594,2
9596,1
9598,2
9600,TRIV
9602,67
9604,2
9606,2
9608,1
9610,TRIV
9612,6
9614,1
9616,1908
9618,1
9620,TRIV
9622,4
9624,1
9626,1
9628,4
9630,TRIV
9632,5
9634,4
9636,2
9638,1
9640,TRIV
9642,3
9644,1
9646,4
9648,4
9650,TRIV
9652,2
9654,2
9656,1
9658,170
9660,TRIV
9662,3
9664,2
9666,3
9668,7
9670,TRIV
9672,1
9674,1
9676,4
9678,3
9680,TRIV
9682,6
9684,1
9686,3
9688,4
9690,TRIV
9692,1
9694,2
9696,2
9698,5
9700,TRIV
9702,13
9704,3
9706,4
9708,2
9710,TRIV
9712,4
9714,1
9716,1
9718,2
9720,TRIV
9722,9
9724,2
9726,3
9728,1
9730,TRIV
9732,3
9734,1
9736,22
9738,1
9740,TRIV
9742,2
9744,1
9746,3
9748,6
9750,TRIV
9752,7
9754,10
9756,2
9758,3
9760,TRIV
9762,1
9764,1
9766,2
9768,5
9770,TRIV
9772,58
9774,4
9776,1
9778,2
9780,TRIV
9782,1
9784,6
9786,1
9788,11
9790,TRIV
9792,2
9794,5
9796,30
9798,1
9800,TRIV
9802,4
9804,2
9806,1
9808,2
9810,TRIV
9812,1
9814,2
9816,3
9818,7
9820,TRIV
9822,6
9824,1
9826,2
9828,1
9830,TRIV
9832,2
9834,1
9836,7
9838,4
9840,TRIV
9842,3
9844,6
9846,1
9848,3
9850,TRIV
9852,1
9854,1
9856,8
9858,2
9860,TRIV
9862,2
9864,13
9866,1