2,TRIV
4,1
6,1
8,TRIV
10,1
12,1
14,TRIV
16,1
18,2
20,TRIV
22,1
24,1
26,TRIV
28,TRIV
30,1
32,TRIV
34,1
36,1
38,TRIV
40,1
42,TRIV
44,TRIV
46,1
48,2
50,TRIV
52,1
54,1
56,TRIV
58,2
60,1
62,TRIV
64,1
66,1
68,TRIV
70,TRIV
72,1
74,TRIV
76,1
78,2
80,TRIV
82,1
84,TRIV
86,TRIV
88,2
90,1
92,TRIV
94,1
96,1
98,TRIV
100,1
102,1
104,TRIV
106,1
108,2
110,TRIV
112,TRIV
114,2
116,TRIV
118,2
120,1
122,TRIV
124,1
126,TRIV
128,TRIV
130,1
132,1
134,TRIV
136,3
138,4
140,TRIV
142,1
144,1
146,TRIV
148,2
150,1
152,TRIV
154,TRIV
156,1
158,TRIV
160,1
162,2
164,TRIV
166,1
168,TRIV
170,TRIV
172,1
174,1
176,TRIV
178,2
180,2
182,TRIV
184,1
186,1
188,TRIV
190,1
192,1
194,TRIV
196,TRIV
198,3
200,TRIV
202,2
204,1
206,TRIV
208,2
210,TRIV
212,TRIV
214,2
216,1
218,TRIV
220,1
222,1
224,TRIV
226,1
228,2
230,TRIV
232,1
234,1
236,TRIV
238,TRIV
240,5
242,TRIV
244,1
246,4
248,TRIV
250,1
252,TRIV
254,TRIV
256,1
258,2
260,TRIV
262,1
264,1
266,TRIV
268,2
270,1
272,TRIV
274,1
276,1
278,TRIV
280,TRIV
282,2
284,TRIV
286,1
288,2
290,TRIV
292,4
294,TRIV
296,TRIV
298,2
300,1
302,TRIV
304,1
306,1
308,TRIV
310,1
312,4
314,TRIV
316,3
318,2
320,TRIV
322,TRIV
324,1
326,TRIV
328,4
330,1
332,TRIV
334,2
336,TRIV
338,TRIV
340,1
342,1
344,TRIV
346,1
348,2
350,TRIV
352,1
354,29
356,TRIV
358,3
360,1
362,TRIV
364,TRIV
366,1
368,TRIV
370,2
372,1
374,TRIV
376,1
378,TRIV
380,TRIV
382,1
384,2
386,TRIV
388,4
390,1
392,TRIV
394,1
396,3
398,TRIV
400,2
402,1
404,TRIV
406,TRIV
408,2
410,TRIV
412,1
414,1
416,TRIV
418,2
420,TRIV
422,TRIV
424,1
426,1
428,TRIV
430,2
432,1
434,TRIV
436,1
438,2
440,TRIV
442,1
444,3
446,TRIV
448,TRIV
450,1
452,TRIV
454,1
456,1
458,TRIV
460,1
462,TRIV
464,TRIV
466,3
468,3
470,TRIV
472,1
474,2
476,TRIV
478,3
480,1
482,TRIV
484,1
486,3
488,TRIV
490,TRIV
492,1
494,TRIV
496,1
498,2
500,TRIV
502,1
504,TRIV
506,TRIV
508,2
510,3
512,TRIV
514,1
516,1
518,TRIV
520,2
522,2
524,TRIV
526,4
528,2
530,TRIV
532,TRIV
534,1
536,TRIV
538,2
540,1
542,TRIV
544,2
546,TRIV
548,TRIV
550,1
552,2
554,TRIV
556,1
558,2
560,TRIV
562,1
564,1
566,TRIV
568,2
570,1
572,TRIV
574,TRIV
576,3
578,TRIV
580,1
582,2
584,TRIV
586,1
588,TRIV
590,TRIV
592,1
594,1
596,TRIV
598,2
600,1
602,TRIV
604,2
606,1
608,TRIV
610,1
612,1
614,TRIV
616,TRIV
618,4
620,TRIV
622,4
624,1
626,TRIV
628,2
630,TRIV
632,TRIV
634,1
636,1
638,TRIV
640,1
642,2
644,TRIV
646,1
648,3
650,TRIV
652,1
654,1
656,TRIV
658,TRIV
660,2
662,TRIV
664,5
666,1
668,TRIV
670,1
672,TRIV
674,TRIV
676,1
678,2
680,TRIV
682,4
684,1
686,TRIV
688,3
690,2
692,TRIV
694,1
696,3
698,TRIV
700,TRIV
702,1
704,TRIV
706,3
708,2
710,TRIV
712,1
714,TRIV
716,TRIV
718,3
720,1
722,TRIV
724,2
726,1
728,TRIV
730,9
732,1
734,TRIV
736,1
738,2
740,TRIV
742,TRIV
744,1
746,TRIV
748,2
750,1
752,TRIV
754,1
756,TRIV
758,TRIV
760,2
762,1
764,TRIV
766,1
768,4
770,TRIV
772,2
774,2
776,TRIV
778,2
780,1
782,TRIV
784,TRIV
786,3
788,TRIV
790,1
792,5
794,TRIV
796,7
798,TRIV
800,TRIV
802,1
804,1
806,TRIV
808,2
810,2
812,TRIV
814,1
816,1
818,TRIV
820,1
822,1
824,TRIV
826,TRIV
828,2
830,TRIV
832,1
834,2
836,TRIV
838,2
840,TRIV
842,TRIV
844,3
846,1
848,TRIV
850,1
852,1
854,TRIV
856,1
858,2
860,TRIV
862,2
864,185
866,TRIV
868,TRIV
870,1
872,TRIV
874,1
876,1
878,TRIV
880,1
882,TRIV
884,TRIV
886,3
888,2
890,TRIV
892,2
894,3
896,TRIV
898,2
900,1
902,TRIV
904,1
906,3
908,TRIV
910,TRIV
912,1
914,TRIV
916,3
918,2
920,TRIV
922,1
924,TRIV
926,TRIV
928,2
930,1
932,TRIV
934,1
936,3
938,TRIV
940,1
942,2
944,TRIV
946,1
948,2
950,TRIV
952,TRIV
954,3
956,TRIV
958,3
960,1
962,TRIV
964,1
966,TRIV
968,TRIV
970,1
972,2
974,TRIV
976,1
978,3
980,TRIV
982,2
984,1
986,TRIV
988,4
990,1
992,TRIV
994,TRIV
996,7
998,TRIV
1000,2
1002,1
1004,TRIV
1006,1
1008,TRIV
1010,TRIV
1012,1
1014,1
1016,TRIV
1018,3
1020,2
1022,TRIV
1024,1
1026,1
1028,TRIV
1030,3
1032,1
1034,TRIV
1036,TRIV
1038,2
1040,TRIV
1042,1
1044,1
1046,TRIV
1048,2
1050,TRIV
1052,TRIV
1054,1
1056,1
1058,TRIV
1060,2
1062,1
1064,TRIV
1066,3
1068,2
1070,TRIV
1072,16
1074,2
1076,TRIV
1078,TRIV
1080,1
1082,TRIV
1084,1
1086,1
1088,TRIV
1090,1
1092,TRIV
1094,TRIV
1096,1
1098,4
1100,TRIV
1102,1
1104,2
1106,TRIV
1108,3
1110,1
1112,TRIV
1114,2
1116,1
1118,TRIV
1120,TRIV
1122,1
1124,TRIV
1126,4
1128,3
1130,TRIV
1132,2
1134,TRIV
1136,TRIV
1138,2
1140,3
1142,TRIV
1144,1
1146,1
1148,TRIV
1150,3
1152,2
1154,TRIV
1156,1
1158,4
1160,TRIV
1162,TRIV
1164,1
1166,TRIV
1168,2
1170,4
1172,TRIV
1174,1
1176,TRIV
1178,TRIV
1180,1
1182,2
1184,TRIV
1186,1
1188,2
1190,TRIV
1192,4
1194,1
1196,TRIV
1198,7
1200,2
1202,TRIV
1204,TRIV
1206,1
1208,TRIV
1210,1
1212,4
1214,TRIV
1216,1
1218,TRIV
1220,TRIV
1222,1
1224,1
1226,TRIV
1228,2
1230,1
1232,TRIV
1234,2
1236,3
1238,TRIV
1240,2
1242,1
1244,TRIV
1246,TRIV
1248,2
1250,TRIV
1252,1
1254,2
1256,TRIV
1258,2
1260,TRIV
1262,TRIV
1264,3
1266,3
1268,TRIV
1270,1
1272,1
1274,TRIV
1276,1
1278,2
1280,TRIV
1282,1
1284,1
1286,TRIV
1288,TRIV
1290,1
1292,TRIV
1294,1
1296,1
1298,TRIV
1300,1
1302,TRIV
1304,TRIV
1306,8
1308,4
1310,TRIV
1312,1
1314,1
1316,TRIV
1318,2
1320,1
1322,TRIV
1324,2
1326,3
1328,TRIV
1330,TRIV
1332,2
1334,TRIV
1336,5
1338,4
1340,TRIV
1342,5
1344,TRIV
1346,TRIV
1348,14
1350,2
1352,TRIV
1354,1
1356,3
1358,TRIV
1360,1
1362,5
1364,TRIV
1366,1
1368,4
1370,TRIV
1372,TRIV
1374,1
1376,TRIV
1378,2
1380,2
1382,TRIV
1384,2
1386,TRIV
1388,TRIV
1390,2
1392,1
1394,TRIV
1396,4
1398,2
1400,TRIV
1402,1
1404,2
1406,TRIV
1408,6
1410,2
1412,TRIV
1414,TRIV
1416,1
1418,TRIV
1420,1
1422,1
1424,TRIV
1426,1
1428,TRIV
1430,TRIV
1432,1
1434,2
1436,TRIV
1438,2
1440,1
1442,TRIV
1444,1
1446,1
1448,TRIV
1450,2
1452,1
1454,TRIV
1456,TRIV
1458,3
1460,TRIV
1462,2
1464,1
1466,TRIV
1468,3
1470,TRIV
1472,TRIV
1474,1
1476,1
1478,TRIV
1480,1
1482,1
1484,TRIV
1486,1
1488,3
1490,TRIV
1492,1
1494,2
1496,TRIV
1498,TRIV
1500,2
1502,TRIV
1504,1
1506,4
1508,TRIV
1510,2
1512,TRIV
1514,TRIV
1516,1
1518,2
1520,TRIV
1522,2
1524,1
1526,TRIV
1528,3
1530,2
1532,TRIV
1534,2
1536,1
1538,TRIV
1540,TRIV
1542,1
1544,TRIV
1546,1
1548,2
1550,TRIV
1552,1
1554,TRIV
1556,TRIV
1558,2
1560,1
1562,TRIV
1564,1
1566,4
1568,TRIV
1570,2
1572,1
1574,TRIV
1576,1
1578,2
1580,TRIV
1582,TRIV
1584,6
1586,TRIV
1588,2
1590,1
1592,TRIV
1594,1
1596,TRIV
1598,TRIV
1600,1
1602,1
1604,TRIV
1606,1
1608,2
1610,TRIV
1612,1
1614,1
1616,TRIV
1618,2
1620,1
1622,TRIV
1624,TRIV
1626,4
1628,TRIV
1630,1
1632,5
1634,TRIV
1636,3
1638,TRIV
1640,TRIV
1642,6
1644,2
1646,TRIV
1648,2
1650,1
1652,TRIV
1654,3
1656,1
1658,TRIV
1660,1
1662,1
1664,TRIV
1666,TRIV
1668,3
1670,TRIV
1672,2
1674,2
1676,TRIV
1678,4
1680,TRIV
1682,TRIV
1684,2
1686,1
1688,TRIV
1690,1
1692,1
1694,TRIV
1696,3
1698,2
1700,TRIV
1702,1
1704,2
1706,TRIV
1708,TRIV
1710,2
1712,TRIV
1714,1
1716,1
1718,TRIV
1720,3
1722,TRIV
1724,TRIV
1726,1
1728,2
1730,TRIV
1732,4
1734,1
1736,TRIV
1738,2
1740,1
1742,TRIV
1744,3
1746,1
1748,TRIV
1750,TRIV
1752,1
1754,TRIV
1756,3
1758,4
1760,TRIV
1762,2
1764,TRIV
1766,TRIV
1768,3
1770,1
1772,TRIV
1774,2
1776,1
1778,TRIV
1780,1
1782,1
1784,TRIV
1786,3
1788,3
1790,TRIV
1792,TRIV
1794,1
1796,TRIV
1798,2
1800,3
1802,TRIV
1804,1
1806,TRIV
1808,TRIV
1810,3
1812,2
1814,TRIV
1816,1
1818,2
1820,TRIV
1822,2
1824,1
1826,TRIV
1828,2
1830,2
1832,TRIV
1834,TRIV
1836,3
1838,TRIV
1840,1
1842,4
1844,TRIV
1846,7
1848,TRIV
1850,TRIV
1852,2
1854,1
1856,TRIV
1858,2
1860,1
1862,TRIV
1864,1
1866,1
1868,TRIV
1870,1
1872,1
1874,TRIV
1876,TRIV
1878,3
1880,TRIV
1882,1
1884,2
1886,TRIV
1888,4
1890,TRIV
1892,TRIV
1894,1
1896,3
1898,TRIV
1900,1
1902,2
1904,TRIV
1906,1
1908,3
1910,TRIV
1912,5
1914,6
1916,TRIV
1918,TRIV
1920,6
1922,TRIV
1924,1
1926,1
1928,TRIV
1930,2
1932,TRIV
1934,TRIV
1936,4
1938,2
1940,TRIV
1942,1
1944,1
1946,TRIV
1948,2
1950,2
1952,TRIV
1954,2
1956,4
1958,TRIV
1960,TRIV
1962,2
1964,TRIV
1966,1
1968,2
1970,TRIV
1972,1
1974,TRIV
1976,TRIV
1978,2
1980,1
1982,TRIV
1984,6
1986,1
1988,TRIV
1990,1
1992,1
1994,TRIV
1996,1
1998,3
2000,TRIV
2002,TRIV
2004,1
2006,TRIV
2008,3
2010,1
2012,TRIV
2014,2
2016,TRIV
2018,TRIV
2020,1
2022,1
2024,TRIV
2026,9
2028,3
2030,TRIV
2032,1
2034,2
2036,TRIV
2038,2
2040,2
2042,TRIV
2044,TRIV
2046,1
2048,TRIV
2050,2
2052,5
2054,TRIV
2056,1
2058,TRIV
2060,TRIV
2062,1
2064,2
2066,TRIV
2068,3
2070,7
2072,TRIV
2074,1
2076,1
2078,TRIV
2080,1
2082,1
2084,TRIV
2086,TRIV
2088,2
2090,TRIV
2092,1
2094,2
2096,TRIV
2098,3
2100,TRIV
2102,TRIV
2104,1
2106,1
2108,TRIV
2110,5
2112,2
2114,TRIV
2116,3
2118,4
2120,TRIV
2122,1
2124,1
2126,TRIV
2128,TRIV
2130,1
2132,TRIV
2134,1
2136,1
2138,TRIV
2140,5
2142,TRIV
2144,TRIV
2146,1
2148,4
2150,TRIV
2152,5
2154,1
2156,TRIV
2158,2
2160,3
2162,TRIV
2164,2
2166,4
2168,TRIV
2170,TRIV
2172,1
2174,TRIV
2176,8
2178,3
2180,TRIV
2182,4
2184,TRIV
2186,TRIV
2188,2
2190,2
2192,TRIV
2194,2
2196,1
2198,TRIV
2200,1
2202,2
2204,TRIV
2206,1
2208,3
2210,TRIV
2212,TRIV
2214,1
2216,TRIV
2218,2
2220,2
2222,TRIV
2224,2
2226,TRIV
2228,TRIV
2230,1
2232,1
2234,TRIV
2236,1
2238,2
2240,TRIV
2242,4
2244,1
2246,TRIV
2248,2
2250,3
2252,TRIV
2254,TRIV
2256,4
2258,TRIV
2260,1
2262,1
2264,TRIV
2266,1
2268,TRIV
2270,TRIV
2272,4
2274,1
2276,TRIV
2278,3
2280,1
2282,TRIV
2284,2
2286,1
2288,TRIV
2290,1
2292,2
2294,TRIV
2296,TRIV
2298,2
2300,TRIV
2302,1
2304,1
2306,TRIV
2308,2
2310,TRIV
2312,TRIV
2314,3
2316,3
2318,TRIV
2320,3
2322,2
2324,TRIV
2326,1
2328,2
2330,TRIV
2332,1
2334,1
2336,TRIV
2338,TRIV
2340,1
2342,TRIV
2344,1
2346,3
2348,TRIV
2350,1
2352,TRIV
2354,TRIV
2356,3
2358,4
2360,TRIV
2362,2
2364,1
2366,TRIV
2368,2
2370,1
2372,TRIV
2374,1
2376,1
2378,TRIV
2380,TRIV
2382,1
2384,TRIV
2386,1
2388,2
2390,TRIV
2392,1
2394,TRIV
2396,TRIV
2398,2
2400,4
2402,TRIV
2404,1
2406,3
2408,TRIV
2410,1
2412,4
2414,TRIV
2416,1
2418,2
2420,TRIV
2422,TRIV
2424,2
2426,TRIV
2428,2
2430,1
2432,TRIV
2434,1
2436,TRIV
2438,TRIV
2440,1
2442,5
2444,TRIV
2446,3
2448,3
2450,TRIV
2452,1
2454,2
2456,TRIV
2458,3
2460,1
2462,TRIV
2464,TRIV
2466,1
2468,TRIV
2470,1
2472,2
2474,TRIV
2476,3
2478,TRIV
2480,TRIV
2482,2
2484,9
2486,TRIV
2488,4
2490,2
2492,TRIV
2494,2
2496,1
2498,TRIV
2500,2
2502,2
2504,TRIV
2506,TRIV
2508,2
2510,TRIV
2512,5
2514,1
2516,TRIV
2518,3
2520,TRIV
2522,TRIV
2524,1
2526,5
2528,TRIV
2530,2
2532,1
2534,TRIV
2536,1
2538,8
2540,TRIV
2542,1
2544,1
2546,TRIV
2548,TRIV
2550,1
2552,TRIV
2554,3
2556,4
2558,TRIV
2560,2
2562,TRIV
2564,TRIV
2566,3
2568,2
2570,TRIV
2572,1
2574,3
2576,TRIV
2578,8
2580,5
2582,TRIV
2584,1
2586,1
2588,TRIV
2590,TRIV
2592,4
2594,TRIV
2596,3
2598,2
2600,TRIV
2602,1
2604,TRIV
2606,TRIV
2608,2
2610,1
2612,TRIV
2614,1
2616,5
2618,TRIV
2620,3
2622,2
2624,TRIV
2626,1
2628,2
2630,TRIV
2632,TRIV
2634,2
2636,TRIV
2638,2
2640,1
2642,TRIV
2644,2
2646,TRIV
2648,TRIV
2650,1
2652,1
2654,TRIV
2656,1
2658,2
2660,TRIV
2662,2
2664,1
2666,TRIV
2668,3
2670,1
2672,TRIV
2674,TRIV
2676,1
2678,TRIV
2680,1
2682,1
2684,TRIV
2686,1
2688,TRIV
2690,TRIV
2692,1
2694,3
2696,TRIV
2698,3
2700,1
2702,TRIV
2704,1
2706,1
2708,TRIV
2710,23
2712,1
2714,TRIV
2716,TRIV
2718,2
2720,TRIV
2722,1
2724,1
2726,TRIV
2728,2
2730,TRIV
2732,TRIV
2734,1
2736,3
2738,TRIV
2740,2
2742,1
2744,TRIV
2746,1
2748,2
2750,TRIV
2752,2
2754,2
2756,TRIV
2758,TRIV
2760,1
2762,TRIV
2764,5
2766,3
2768,TRIV
2770,1
2772,TRIV
2774,TRIV
2776,3
2778,3
2780,TRIV
2782,1
2784,1
2786,TRIV
2788,2
2790,1
2792,TRIV
2794,1
2796,1
2798,TRIV
2800,TRIV
2802,2
2804,TRIV
2806,7
2808,2
2810,TRIV
2812,1
2814,TRIV
2816,TRIV
2818,12
2820,3
2822,TRIV
2824,3
2826,1
2828,TRIV
2830,1
2832,4
2834,TRIV
2836,1
2838,2
2840,TRIV
2842,TRIV
2844,1
2846,TRIV
2848,2
2850,1
2852,TRIV
2854,1
2856,TRIV
2858,TRIV
2860,2
2862,6
2864,TRIV
2866,3
2868,2
2870,TRIV
2872,1
2874,3
2876,TRIV
2878,2
2880,1
2882,TRIV
2884,TRIV
2886,3
2888,TRIV
2890,1
2892,5
2894,TRIV
2896,1
2898,TRIV
2900,TRIV
2902,1
2904,2
2906,TRIV
2908,2
2910,1
2912,TRIV
2914,2
2916,3
2918,TRIV
2920,1
2922,2
2924,TRIV
2926,TRIV
2928,3
2930,TRIV
2932,1
2934,7
2936,TRIV
2938,6
2940,TRIV
2942,TRIV
2944,5
2946,1
2948,TRIV
2950,1
2952,2
2954,TRIV
2956,1
2958,3
2960,TRIV
2962,1
2964,1
2966,TRIV
2968,TRIV
2970,2
2972,TRIV
2974,2
2976,3
2978,TRIV
2980,3
2982,TRIV
2984,TRIV
2986,3
2988,2
2990,TRIV
2992,1
2994,1
2996,TRIV
2998,4
3000,2
3002,TRIV
3004,1
3006,4
3008,TRIV
3010,TRIV
3012,1
3014,TRIV
3016,1
3018,2
3020,TRIV
3022,6
3024,TRIV
3026,TRIV
3028,3
3030,1
3032,TRIV
3034,1
3036,4
3038,TRIV
3040,2
3042,1
3044,TRIV
3046,3
3048,3
3050,TRIV
3052,TRIV
3054,1
3056,TRIV
3058,23
3060,1
3062,TRIV
3064,3
3066,TRIV
3068,TRIV
3070,2
3072,1
3074,TRIV
3076,1
3078,4
3080,TRIV
3082,1
3084,5
3086,TRIV
3088,2
3090,3
3092,TRIV
3094,TRIV
3096,16
3098,TRIV
3100,4
3102,1
3104,TRIV
3106,3
3108,TRIV
3110,TRIV
3112,1
3114,1
3116,TRIV
3118,2
3120,2
3122,TRIV
3124,3
3126,3
3128,TRIV
3130,1
3132,2
3134,TRIV
3136,TRIV
3138,2
3140,TRIV
3142,2
3144,134
3146,TRIV
3148,3
3150,TRIV
3152,TRIV
3154,2
3156,1
3158,TRIV
3160,1
3162,1
3164,TRIV
3166,5
3168,2
3170,TRIV
3172,2
3174,1
3176,TRIV
3178,TRIV
3180,1
3182,TRIV
3184,1
3186,3
3188,TRIV
3190,3
3192,TRIV
3194,TRIV
3196,1
3198,3
3200,TRIV
3202,1
3204,2
3206,TRIV
3208,2
3210,1
3212,TRIV
3214,1
3216,3
3218,TRIV
3220,TRIV
3222,1
3224,TRIV
3226,13
3228,3
3230,TRIV
3232,8
3234,TRIV
3236,TRIV
3238,3
3240,3
3242,TRIV
3244,1
3246,1
3248,TRIV
3250,1
3252,1
3254,TRIV
3256,4
3258,2
3260,TRIV
3262,TRIV
3264,1
3266,TRIV
3268,4
3270,2
3272,TRIV
3274,2
3276,TRIV
3278,TRIV
3280,2
3282,2
3284,TRIV
3286,47
3288,3
3290,TRIV
3292,1
3294,1
3296,TRIV
3298,2
3300,1
3302,TRIV
3304,TRIV
3306,1
3308,TRIV
3310,2
3312,1
3314,TRIV
3316,1
3318,TRIV
3320,TRIV
3322,1
3324,1
3326,TRIV
3328,3
3330,3
3332,TRIV
3334,3
3336,1
3338,TRIV
3340,1
3342,2
3344,TRIV
3346,TRIV
3348,3
3350,TRIV
3352,1
3354,1
3356,TRIV
3358,2
3360,TRIV
3362,TRIV
3364,1
3366,1
3368,TRIV
3370,5
3372,6
3374,TRIV
3376,3
3378,4
3380,TRIV
3382,1
3384,1
3386,TRIV
3388,TRIV
3390,3
3392,TRIV
3394,5
3396,3
3398,TRIV
3400,1
3402,TRIV
3404,TRIV
3406,1
3408,2
3410,TRIV
3412,2
3414,2
3416,TRIV
3418,2
3420,2
3422,TRIV
3424,3
3426,1
3428,TRIV
3430,TRIV
3432,6
3434,TRIV
3436,3
3438,4
3440,TRIV
3442,1
3444,TRIV
3446,TRIV
3448,4
3450,1
3452,TRIV
3454,1
3456,1
3458,TRIV
3460,1
3462,1
3464,TRIV
3466,4
3468,2
3470,TRIV
3472,TRIV
3474,6
3476,TRIV
3478,2
3480,2
3482,TRIV
3484,1
3486,TRIV
3488,TRIV
3490,2
3492,1
3494,TRIV
3496,4
3498,2
3500,TRIV
3502,4
3504,1
3506,TRIV
3508,2
3510,1
3512,TRIV
3514,TRIV
3516,5
3518,TRIV
3520,1
3522,1
3524,TRIV
3526,1
3528,TRIV
3530,TRIV
3532,1
3534,1
3536,TRIV
3538,3
3540,1
3542,TRIV
3544,2
3546,3
3548,TRIV
3550,1
3552,1
3554,TRIV
3556,TRIV
3558,2
3560,TRIV
3562,5
3564,1
3566,TRIV
3568,2
3570,TRIV
3572,TRIV
3574,1
3576,1
3578,TRIV
3580,3
3582,2
3584,TRIV
3586,1
3588,2
3590,TRIV
3592,5
3594,2
3596,TRIV
3598,TRIV
3600,1
3602,TRIV
3604,3
3606,1
3608,TRIV
3610,1
3612,TRIV
3614,TRIV
3616,1
3618,6
3620,TRIV
3622,2
3624,1
3626,TRIV
3628,2
3630,1
3632,TRIV
3634,5
3636,1
3638,TRIV
3640,TRIV
3642,2
3644,TRIV
3646,3
3648,2
3650,TRIV
3652,1
3654,TRIV
3656,TRIV
3658,3
3660,2
3662,TRIV
3664,1
3666,1
3668,TRIV
3670,1
3672,4
3674,TRIV
3676,3
3678,2
3680,TRIV
3682,TRIV
3684,1
3686,TRIV
3688,4
3690,1
3692,TRIV
3694,1
3696,TRIV
3698,TRIV
3700,4
3702,1
3704,TRIV
3706,3
3708,3
3710,TRIV
3712,1
3714,3
3716,TRIV
3718,2
3720,1
3722,TRIV
3724,TRIV
3726,1
3728,TRIV
3730,2
3732,1
3734,TRIV
3736,3
3738,TRIV
3740,TRIV
3742,4
3744,2
3746,TRIV
3748,2
3750,3
3752,TRIV
3754,1
3756,3
3758,TRIV
3760,1
3762,1
3764,TRIV
3766,TRIV
3768,3
3770,TRIV
3772,1
3774,2
3776,TRIV
3778,30
3780,TRIV
3782,TRIV
3784,2
3786,1
3788,TRIV
3790,1
3792,5
3794,TRIV
3796,1
3798,2
3800,TRIV
3802,2
3804,2
3806,TRIV
3808,TRIV
3810,3
3812,TRIV
3814,1
3816,1
3818,TRIV
3820,4
3822,TRIV
3824,TRIV
3826,1
3828,2
3830,TRIV
3832,2
3834,3
3836,TRIV
3838,6
3840,1
3842,TRIV
3844,1
3846,1
3848,TRIV
3850,TRIV
3852,6
3854,TRIV
3856,1
3858,2
3860,TRIV
3862,2
3864,TRIV
3866,TRIV
3868,2
3870,1
3872,TRIV
3874,1
3876,3
3878,TRIV
3880,2
3882,1
3884,TRIV
3886,3
3888,3
3890,TRIV
3892,TRIV
3894,2
3896,TRIV
3898,2
3900,1
3902,TRIV
3904,1
3906,TRIV
3908,TRIV
3910,1
3912,1
3914,TRIV
3916,1
3918,2
3920,TRIV
3922,1
3924,1
3926,TRIV
3928,3
3930,3
3932,TRIV
3934,TRIV
3936,1
3938,TRIV
3940,1
3942,4
3944,TRIV
3946,3
3948,TRIV
3950,TRIV
3952,2
3954,2
3956,TRIV
3958,2
3960,1
3962,TRIV
3964,2
3966,4
3968,TRIV
3970,2
3972,2
3974,TRIV
3976,TRIV
3978,2
3980,TRIV
3982,1
3984,3
3986,TRIV
3988,4
3990,TRIV
3992,TRIV
3994,1
3996,1
3998,TRIV
4000,1
4002,2
4004,TRIV
4006,1
4008,2
4010,TRIV
4012,1
4014,1
4016,TRIV
4018,TRIV
4020,1
4022,TRIV
4024,2
4026,4
4028,TRIV
4030,2
4032,TRIV
4034,TRIV
4036,12
4038,6
4040,TRIV
4042,1
4044,1
4046,TRIV
4048,3
4050,1
4052,TRIV
4054,3
4056,7
4058,TRIV
4060,TRIV
4062,2
4064,TRIV
4066,1
4068,4
4070,TRIV
4072,1
4074,TRIV
4076,TRIV
4078,2
4080,2
4082,TRIV
4084,1
4086,1
4088,TRIV
4090,2
4092,1
4094,TRIV
4096,5
4098,3
4100,TRIV
4102,TRIV
4104,1
4106,TRIV
4108,2
4110,2
4112,TRIV
4114,3
4116,TRIV
4118,TRIV
4120,1
4122,1
4124,TRIV
4126,1
4128,2
4130,TRIV
4132,1
4134,7
4136,TRIV
4138,3
4140,3
4142,TRIV
4144,TRIV
4146,1
4148,TRIV
4150,1
4152,1
4154,TRIV
4156,5
4158,TRIV
4160,TRIV
4162,2
4164,3
4166,TRIV
4168,2
4170,1
4172,TRIV
4174,3
4176,3
4178,TRIV
4180,2
4182,2
4184,TRIV
4186,TRIV
4188,15
4190,TRIV
4192,2
4194,1
4196,TRIV
4198,4
4200,TRIV
4202,TRIV
4204,1
4206,3
4208,TRIV
4210,1
4212,1
4214,TRIV
4216,5
4218,3
4220,TRIV
4222,1
4224,1
4226,TRIV
4228,TRIV
4230,27
4232,TRIV
4234,1
4236,1
4238,TRIV
4240,2
4242,TRIV
4244,TRIV
4246,1
4248,2
4250,TRIV
4252,1
4254,1
4256,TRIV
4258,4
4260,3
4262,TRIV
4264,1
4266,1
4268,TRIV
4270,TRIV
4272,4
4274,TRIV
4276,1
4278,2
4280,TRIV
4282,1
4284,TRIV
4286,TRIV
4288,2
4290,1
4292,TRIV
4294,3
4296,3
4298,TRIV
4300,2
4302,4
4304,TRIV
4306,3
4308,2
4310,TRIV
4312,TRIV
4314,2
4316,TRIV
4318,4
4320,1
4322,TRIV
4324,2
4326,TRIV
4328,TRIV
4330,1
4332,1
4334,TRIV
4336,3
4338,12
4340,TRIV
4342,1
4344,6
4346,TRIV
4348,2
4350,1
4352,TRIV
4354,TRIV
4356,1
4358,TRIV
4360,2
4362,4
4364,TRIV
4366,1
4368,TRIV
4370,TRIV
4372,2
4374,2
4376,TRIV
4378,3
4380,3
4382,TRIV
4384,1
4386,3
4388,TRIV
4390,1
4392,2
4394,TRIV
4396,TRIV
4398,2
4400,TRIV
4402,1
4404,5
4406,TRIV
4408,2
4410,TRIV
4412,TRIV
4414,1
4416,1
4418,TRIV
4420,5
4422,4
4424,TRIV
4426,4
4428,4
4430,TRIV
4432,2
4434,1
4436,TRIV
4438,TRIV
4440,1
4442,TRIV
4444,1
4446,3
4448,TRIV
4450,1
4452,TRIV
4454,TRIV
4456,1
4458,2
4460,TRIV
4462,4
4464,2
4466,TRIV
4468,2
4470,2
4472,TRIV
4474,1
4476,1
4478,TRIV
4480,TRIV
4482,4
4484,TRIV
4486,1
4488,3
4490,TRIV
4492,9
4494,TRIV
4496,TRIV
4498,2
4500,1
4502,TRIV
4504,10
4506,1
4508,TRIV
4510,1
4512,1
4514,TRIV
4516,1
4518,2
4520,TRIV
4522,TRIV
4524,6
4526,TRIV
4528,3
4530,31
4532,TRIV
4534,2
4536,TRIV
4538,TRIV
4540,1
4542,1
4544,TRIV
4546,3
4548,2
4550,TRIV
4552,6
4554,1
4556,TRIV
4558,4
4560,1
4562,TRIV
4564,TRIV
4566,3
4568,TRIV
4570,4
4572,2
4574,TRIV
4576,1
4578,TRIV
4580,TRIV
4582,4
4584,1
4586,TRIV
4588,2
4590,1
4592,TRIV
4594,2
4596,1
4598,TRIV
4600,2
4602,2
4604,TRIV
4606,TRIV
4608,2
4610,TRIV
4612,4
4614,1
4616,TRIV
4618,4
4620,TRIV
4622,TRIV
4624,2
4626,3
4628,TRIV
4630,1
4632,1
4634,TRIV
4636,1
4638,4
4640,TRIV
4642,1
4644,1
4646,TRIV
4648,TRIV
4650,1
4652,TRIV
4654,2
4656,1
4658,TRIV
4660,3
4662,TRIV
4664,TRIV
4666,1
4668,3
4670,TRIV
4672,1
4674,2
4676,TRIV
4678,3
4680,2
4682,TRIV
4684,1
4686,5
4688,TRIV
4690,TRIV
4692,5
4694,TRIV
4696,1
4698,6
4700,TRIV
4702,2
4704,TRIV
4706,TRIV
4708,3
4710,2
4712,TRIV
4714,1
4716,1
4718,TRIV
4720,4
4722,1
4724,TRIV
4726,1
4728,4
4730,TRIV
4732,TRIV
4734,2
4736,TRIV
4738,2
4740,2
4742,TRIV
4744,1
4746,TRIV
4748,TRIV
4750,2
4752,1
4754,TRIV
4756,3
4758,3
4760,TRIV
4762,5
4764,2
4766,TRIV
4768,2
4770,3
4772,TRIV
4774,TRIV
4776,1
4778,TRIV
4780,1
4782,1
4784,TRIV
4786,1
4788,TRIV
4790,TRIV
4792,1
4794,1
4796,TRIV
4798,14
4800,6
4802,TRIV
4804,3
4806,1
4808,TRIV
4810,1
4812,2
4814,TRIV
4816,TRIV
4818,4
4820,TRIV
4822,2
4824,1
4826,TRIV
4828,2
4830,TRIV
4832,TRIV
4834,15
4836,3
4838,TRIV
4840,2
4842,4
4844,TRIV
4846,3
4848,6
4850,TRIV
4852,4
4854,1
4856,TRIV
4858,TRIV
4860,2
4862,TRIV
4864,1
4866,3
4868,TRIV
4870,1
4872,TRIV
4874,TRIV
4876,5
4878,6
4880,TRIV
4882,1
4884,2
4886,TRIV
4888,2
4890,3
4892,TRIV
4894,2
4896,1
4898,TRIV
4900,TRIV
4902,1
4904,TRIV
4906,4
4908,2
4910,TRIV
4912,1
4914,TRIV
4916,TRIV
4918,2
4920,2
4922,TRIV
4924,1
4926,1
4928,TRIV
4930,1
4932,4
4934,TRIV
4936,1
4938,2
4940,TRIV
4942,TRIV
4944,1
4946,TRIV
4948,4
4950,1
4952,TRIV
4954,2
4956,TRIV
4958,TRIV
4960,1
4962,1
4964,TRIV
4966,1
4968,4
4970,TRIV
4972,2
4974,2
4976,TRIV
4978,11
4980,1
4982,TRIV
4984,TRIV
4986,1
4988,TRIV
4990,2
4992,1
4994,TRIV
4996,1
4998,TRIV
5000,TRIV
5002,1
5004,1
5006,TRIV
5008,3
5010,2
5012,TRIV
5014,1
5016,1
5018,TRIV
5020,8
5022,8
5024,TRIV
5026,TRIV
5028,2
5030,TRIV
5032,1
5034,5
5036,TRIV
5038,2
5040,TRIV
5042,TRIV
5044,1
5046,12
5048,TRIV
5050,2
5052,1
5054,TRIV
5056,3
5058,2
5060,TRIV
5062,12
5064,2
5066,TRIV
5068,TRIV
5070,1
5072,TRIV
5074,1
5076,3
5078,TRIV
5080,1
5082,TRIV
5084,TRIV
5086,4
5088,3
5090,TRIV
5092,1
5094,1
5096,TRIV
5098,2
5100,1
5102,TRIV
5104,2
5106,1
5108,TRIV
5110,TRIV
5112,1
5114,TRIV
5116,4
5118,2
5120,TRIV
5122,2
5124,TRIV
5126,TRIV
5128,3
5130,2
5132,TRIV
5134,3
5136,3
5138,TRIV
5140,1
5142,8
5144,TRIV
5146,1
5148,2
5150,TRIV
5152,TRIV
5154,5
5156,TRIV
5158,3
5160,1
5162,TRIV
5164,1
5166,TRIV
5168,TRIV
5170,5
5172,1
5174,TRIV
5176,3
5178,2
5180,TRIV
5182,1
5184,2
5186,TRIV
5188,2
5190,1
5192,TRIV
5194,TRIV
5196,5
5198,TRIV
5200,6
5202,1
5204,TRIV
5206,4
5208,TRIV
5210,TRIV
5212,2
5214,3
5216,TRIV
5218,6
5220,1
5222,TRIV
5224,1
5226,1
5228,TRIV
5230,1
5232,2
5234,TRIV
5236,TRIV
5238,3
5240,TRIV
5242,4
5244,5
5246,TRIV
5248,2
5250,TRIV
5252,TRIV
5254,1
5256,5
5258,TRIV
5260,2
5262,49
5264,TRIV
5266,1
5268,4
5270,TRIV
5272,1
5274,1
5276,TRIV
5278,TRIV
5280,3
5282,TRIV
5284,2
5286,4
5288,TRIV
5290,1
5292,TRIV
5294,TRIV
5296,1
5298,2
5300,TRIV
5302,1
5304,3
5306,TRIV
5308,3
5310,3
5312,TRIV
5314,3
5316,1
5318,TRIV
5320,TRIV
5322,4
5324,TRIV
5326,1
5328,7
5330,TRIV
5332,2
5334,TRIV
5336,TRIV
5338,2
5340,1
5342,TRIV
5344,1
5346,3
5348,TRIV
5350,2
5352,4
5354,TRIV
5356,4
5358,2
5360,TRIV
5362,TRIV
5364,2
5366,TRIV
5368,2
5370,2
5372,TRIV
5374,1
5376,TRIV
5378,TRIV
5380,1
5382,2
5384,TRIV
5386,1
5388,2
5390,TRIV
5392,1
5394,2
5396,TRIV
5398,3
5400,1
5402,TRIV
5404,TRIV
5406,1
5408,TRIV
5410,1
5412,1
5414,TRIV
5416,4
5418,TRIV
5420,TRIV
5422,2
5424,1
5426,TRIV
5428,2
5430,1
5432,TRIV
5434,1
5436,1
5438,TRIV
5440,3
5442,1
5444,TRIV
5446,TRIV
5448,3
5450,TRIV
5452,2
5454,2
5456,TRIV
5458,2
5460,TRIV
5462,TRIV
5464,1
5466,4
5468,TRIV
5470,1
5472,1
5474,TRIV
5476,1
5478,2
5480,TRIV
5482,2
5484,3
5486,TRIV
5488,TRIV
5490,8
5492,TRIV
5494,1
5496,1
5498,TRIV
5500,1
5502,TRIV
5504,TRIV
5506,3
5508,2
5510,TRIV
5512,1
5514,1
5516,TRIV
5518,3
5520,1
5522,TRIV
5524,1
5526,3
5528,TRIV
5530,TRIV
5532,2
5534,TRIV
5536,3
5538,3
5540,TRIV
5542,2
5544,TRIV
5546,TRIV
5548,4
5550,1
5552,TRIV
5554,3
5556,1
5558,TRIV
5560,3
5562,1
5564,TRIV
5566,1
5568,6
5570,TRIV
5572,TRIV
5574,1
5576,TRIV
5578,7
5580,3
5582,TRIV
5584,1
5586,TRIV
5588,TRIV
5590,2
5592,2
5594,TRIV
5596,3
5598,2
5600,TRIV
5602,2
5604,2
5606,TRIV
5608,2
5610,2
5612,TRIV
5614,TRIV
5616,1
5618,TRIV
5620,2
5622,14
5624,TRIV
5626,5
5628,TRIV
5630,TRIV
5632,1
5634,1
5636,TRIV
5638,3
5640,1
5642,TRIV
5644,1
5646,1
5648,TRIV
5650,1
5652,1
5654,TRIV
5656,TRIV
5658,4
5660,TRIV
5662,1
5664,3
5666,TRIV
5668,2
5670,TRIV
5672,TRIV
5674,5
5676,1
5678,TRIV
5680,4
5682,1
5684,TRIV
5686,1
5688,2
5690,TRIV
5692,2
5694,1
5696,TRIV
5698,TRIV
5700,2
5702,TRIV
5704,1
5706,7
5708,TRIV
5710,1
5712,TRIV
5714,TRIV
5716,4
5718,14
5720,TRIV
5722,4
5724,3
5726,TRIV
5728,6
5730,1
5732,TRIV
5734,1
5736,1
5738,TRIV
5740,TRIV
5742,1
5744,TRIV
5746,3
5748,3
5750,TRIV
5752,2
5754,TRIV
5756,TRIV
5758,2
5760,4
5762,TRIV
5764,2
5766,4
5768,TRIV
5770,3
5772,1
5774,TRIV
5776,1
5778,2
5780,TRIV
5782,TRIV
5784,1
5786,TRIV
5788,3
5790,2
5792,TRIV
5794,1
5796,TRIV
5798,TRIV
5800,1
5802,2
5804,TRIV
5806,1
5808,2
5810,TRIV
5812,2
5814,1
5816,TRIV
5818,2
5820,1
5822,TRIV
5824,TRIV
5826,9
5828,TRIV
5830,2
5832,1
5834,TRIV
5836,1
5838,TRIV
5840,TRIV
5842,1
5844,1
5846,TRIV
5848,2
5850,1
5852,TRIV
5854,1
5856,3
5858,TRIV
5860,1
5862,1
5864,TRIV
5866,TRIV
5868,3
5870,TRIV
5872,1
5874,1
5876,TRIV
5878,2
5880,TRIV
5882,TRIV
5884,5
5886,3
5888,TRIV
5890,1
5892,4
5894,TRIV
5896,1
5898,6
5900,TRIV
5902,5
5904,2
5906,TRIV
5908,TRIV
5910,4
5912,TRIV
5914,3
5916,1
5918,TRIV
5920,1
5922,TRIV
5924,TRIV
5926,3
5928,3
5930,TRIV
5932,1
5934,3
5936,TRIV
5938,2
5940,51
5942,TRIV
5944,3
5946,1
5948,TRIV
5950,TRIV
5952,4
5954,TRIV
5956,3
5958,2
5960,TRIV
5962,2
5964,TRIV
5966,TRIV
5968,3
5970,5
5972,TRIV
5974,1
5976,4
5978,TRIV
5980,1
5982,6
5984,TRIV
5986,3
5988,2
5990,TRIV
5992,TRIV
5994,2
5996,TRIV
5998,2
6000,1
6002,TRIV
6004,1
6006,TRIV
6008,TRIV
6010,3
6012,6
6014,TRIV
6016,3
6018,2
6020,TRIV
6022,1
6024,2
6026,TRIV
6028,4
6030,1
6032,TRIV
6034,TRIV
6036,1
6038,TRIV
6040,1
6042,2
6044,TRIV
6046,1
6048,TRIV
6050,TRIV
6052,2
6054,3
6056,TRIV
6058,6
6060,1
6062,TRIV
6064,2
6066,1
6068,TRIV
6070,5
6072,1
6074,TRIV
6076,TRIV
6078,3
6080,TRIV
6082,1
6084,1
6086,TRIV
6088,6
6090,TRIV
6092,TRIV
6094,1
6096,7
6098,TRIV
6100,4
6102,2
6104,TRIV
6106,1
6108,3
6110,TRIV
6112,4
6114,1
6116,TRIV
6118,TRIV
6120,4
6122,TRIV
6124,1
6126,1
6128,TRIV
6130,3
6132,TRIV
6134,TRIV
6136,1
6138,3
6140,TRIV
6142,4
6144,1
6146,TRIV
6148,2
6150,2
6152,TRIV
6154,2
6156,1
6158,TRIV
6160,TRIV
6162,2
6164,TRIV
6166,1
6168,2
6170,TRIV
6172,2
6174,TRIV
6176,TRIV
6178,3
6180,2
6182,TRIV
6184,6
6186,3
6188,TRIV
6190,1
6192,1
6194,TRIV
6196,1
6198,2
6200,TRIV
6202,TRIV
6204,1
6206,TRIV
6208,2
6210,1
6212,TRIV
6214,1
6216,TRIV
6218,TRIV
6220,2
6222,1
6224,TRIV
6226,3
6228,2
6230,TRIV
6232,5
6234,3
6236,TRIV
6238,2
6240,1
6242,TRIV
6244,TRIV
6246,4
6248,TRIV
6250,1
6252,2
6254,TRIV
6256,1
6258,TRIV
6260,TRIV
6262,1
6264,1
6266,TRIV
6268,2
6270,1
6272,TRIV
6274,2
6276,3
6278,TRIV
6280,1
6282,6
6284,TRIV
6286,TRIV
6288,2
6290,TRIV
6292,1
6294,1
6296,TRIV
6298,4
6300,TRIV
6302,TRIV
6304,1
6306,4
6308,TRIV
6310,1
6312,2
6314,TRIV
6316,1
6318,2
6320,TRIV
6322,1
6324,2
6326,TRIV
6328,TRIV
6330,1
6332,TRIV
6334,6
6336,1
6338,TRIV
6340,2
6342,TRIV
6344,TRIV
6346,1
6348,2
6350,TRIV
6352,1
6354,1
6356,TRIV
6358,3
6360,1
6362,TRIV
6364,38
6366,1
6368,TRIV
6370,TRIV
6372,1
6374,TRIV
6376,3
6378,2
6380,TRIV
6382,1
6384,TRIV
6386,TRIV
6388,10
6390,1
6392,TRIV
6394,3
6396,5
6398,TRIV
6400,2
6402,2
6404,TRIV
6406,4
6408,10
6410,TRIV
6412,TRIV
6414,1
6416,TRIV
6418,3
6420,1
6422,TRIV
6424,2
6426,TRIV
6428,TRIV
6430,4
6432,2
6434,TRIV
6436,3
6438,3
6440,TRIV
6442,1
6444,1
6446,TRIV
6448,3
6450,3
6452,TRIV
6454,TRIV
6456,8
6458,TRIV
6460,3
6462,1
6464,TRIV
6466,1
6468,TRIV
6470,TRIV
6472,2
6474,1
6476,TRIV
6478,35
6480,2
6482,TRIV
6484,1
6486,3
6488,TRIV
6490,3
6492,4
6494,TRIV
6496,TRIV
6498,2
6500,TRIV
6502,2
6504,2
6506,TRIV
6508,7
6510,TRIV
6512,TRIV
6514,1
6516,16
6518,TRIV
6520,2
6522,1
6524,TRIV
6526,3
6528,2
6530,TRIV
6532,2
6534,6
6536,TRIV
6538,TRIV
6540,1
6542,TRIV
6544,1
6546,1
6548,TRIV
6550,2
6552,TRIV
6554,TRIV
6556,1
6558,2
6560,TRIV
6562,1
6564,1
6566,TRIV
6568,3
6570,1
6572,TRIV
6574,1
6576,20
6578,TRIV
6580,TRIV
6582,6
6584,TRIV
6586,8
6588,2
6590,TRIV
6592,1
6594,TRIV
6596,TRIV
6598,4
6600,1
6602,TRIV
6604,2
6606,3
6608,TRIV
6610,2
6612,1
6614,TRIV
6616,3
6618,3
6620,TRIV
6622,TRIV
6624,2
6626,TRIV
6628,3
6630,1
6632,TRIV
6634,3
6636,TRIV
6638,TRIV
6640,2
6642,2
6644,TRIV
6646,1
6648,3
6650,TRIV
6652,1
6654,1
6656,TRIV
6658,3
6660,2
6662,TRIV
6664,TRIV
6666,1
6668,TRIV
6670,2
6672,1
6674,TRIV
6676,3
6678,TRIV
6680,TRIV
6682,1
6684,1
6686,TRIV
6688,2
6690,4
6692,TRIV
6694,1
6696,1
6698,TRIV
6700,3
6702,1
6704,TRIV
6706,TRIV
6708,4
6710,TRIV
6712,1
6714,2
6716,TRIV
6718,6
6720,TRIV
6722,TRIV
6724,5
6726,1
6728,TRIV
6730,1
6732,2
6734,TRIV
6736,3
6738,23
6740,TRIV
6742,2
6744,2
6746,TRIV
6748,TRIV
6750,4
6752,TRIV
6754,1
6756,1
6758,TRIV
6760,3
6762,TRIV
6764,TRIV
6766,3
6768,7
6770,TRIV
6772,1
6774,1
6776,TRIV
6778,2
6780,2
6782,TRIV
6784,1
6786,1
6788,TRIV
6790,TRIV
6792,2
6794,TRIV
6796,1
6798,4
6800,TRIV
6802,4
6804,TRIV
6806,TRIV
6808,2
6810,6
6812,TRIV
6814,2
6816,1
6818,TRIV
6820,1
6822,1
6824,TRIV
6826,1
6828,6
6830,TRIV
6832,TRIV
6834,1
6836,TRIV
6838,4
6840,4
6842,TRIV
6844,3
6846,TRIV
6848,TRIV
6850,1
6852,26
6854,TRIV
6856,1
6858,2
6860,TRIV
6862,1
6864,1
6866,TRIV
6868,2
6870,3
6872,TRIV
6874,TRIV
6876,1
6878,TRIV
6880,4
6882,4
6884,TRIV
6886,3
6888,TRIV
6890,TRIV
6892,1
6894,3
6896,TRIV
6898,2
6900,1
6902,TRIV
6904,1
6906,7
6908,TRIV
6910,1
6912,2
6914,TRIV
6916,TRIV
6918,2
6920,TRIV
6922,2
6924,130
6926,TRIV
6928,2
6930,TRIV
6932,TRIV
6934,2
6936,4
6938,TRIV
6940,1
6942,1
6944,TRIV
6946,5
6948,2
6950,TRIV
6952,1
6954,1
6956,TRIV
6958,TRIV
6960,1
6962,TRIV
6964,1
6966,3
6968,TRIV
6970,1
6972,TRIV
6974,TRIV
6976,1
6978,2
6980,TRIV
6982,5
6984,1
6986,TRIV
6988,3
6990,1
6992,TRIV
6994,1
6996,4
6998,TRIV
7000,TRIV
7002,4
7004,TRIV
7006,1
7008,2
7010,TRIV
7012,1
7014,TRIV
7016,TRIV
7018,4
7020,1
7022,TRIV
7024,5
7026,3
7028,TRIV
7030,2
7032,1
7034,TRIV
7036,1
7038,4
7040,TRIV
7042,TRIV
7044,6
7046,TRIV
7048,7
7050,1
7052,TRIV
7054,2
7056,TRIV
7058,TRIV
7060,2
7062,1
7064,TRIV
7066,4
7068,3
7070,TRIV
7072,1
7074,3
7076,TRIV
7078,2
7080,2
7082,TRIV
7084,TRIV
7086,5
7088,TRIV
7090,3
7092,5
7094,TRIV
7096,1
7098,TRIV
7100,TRIV
7102,1
7104,5
7106,TRIV
7108,3
7110,2
7112,TRIV
7114,1
7116,3
7118,TRIV
7120,1
7122,1
7124,TRIV
7126,TRIV
7128,2
7130,TRIV
7132,4
7134,3
7136,TRIV
7138,2
7140,TRIV
7142,TRIV
7144,1
7146,3
7148,TRIV
7150,4
7152,1
7154,TRIV
7156,3
7158,2
7160,TRIV
7162,2
7164,2
7166,TRIV
7168,TRIV
7170,1
7172,TRIV
7174,3
7176,7
7178,TRIV
7180,1
7182,TRIV
7184,TRIV
7186,1
7188,2
7190,TRIV
7192,9
7194,2
7196,TRIV
7198,2
7200,1
7202,TRIV
7204,1
7206,1
7208,TRIV
7210,TRIV
7212,1
7214,TRIV
7216,3
7218,3
7220,TRIV
7222,1
7224,TRIV
7226,TRIV
7228,4
7230,1
7232,TRIV
7234,2
7236,1
7238,TRIV
7240,1
7242,4
7244,TRIV
7246,1
7248,2
7250,TRIV
7252,TRIV
7254,5
7256,TRIV
7258,2
7260,2
7262,TRIV
7264,3
7266,TRIV
7268,TRIV
7270,5
7272,2
7274,TRIV
7276,1
7278,3
7280,TRIV
7282,2
7284,2
7286,TRIV
7288,4
7290,1
7292,TRIV
7294,TRIV
7296,3
7298,TRIV
7300,1
7302,1
7304,TRIV
7306,3
7308,TRIV
7310,TRIV
7312,8
7314,1
7316,TRIV
7318,4
7320,2
7322,TRIV
7324,1
7326,1
7328,TRIV
7330,3
7332,4
7334,TRIV
7336,TRIV
7338,3
7340,TRIV
7342,1
7344,1
7346,TRIV
7348,3
7350,TRIV
7352,TRIV
7354,6
7356,3
7358,TRIV
7360,3
7362,1
7364,TRIV
7366,4
7368,2
7370,TRIV
7372,5
7374,3
7376,TRIV
7378,TRIV
7380,3
7382,TRIV
7384,2
7386,1
7388,TRIV
7390,4
7392,TRIV
7394,TRIV
7396,5
7398,3
7400,TRIV
7402,2
7404,1
7406,TRIV
7408,2
7410,1
7412,TRIV
7414,3
7416,3
7418,TRIV
7420,TRIV
7422,5
7424,TRIV
7426,1
7428,2
7430,TRIV
7432,2
7434,TRIV
7436,TRIV
7438,2
7440,2
7442,TRIV
7444,1
7446,3
7448,TRIV
7450,1
7452,1
7454,TRIV
7456,4
7458,2
7460,TRIV
7462,TRIV
7464,6
7466,TRIV
7468,2
7470,1
7472,TRIV
7474,1
7476,TRIV
7478,TRIV
7480,1
7482,1
7484,TRIV
7486,3
7488,2
7490,TRIV
7492,1
7494,7
7496,TRIV
7498,2
7500,1
7502,TRIV
7504,TRIV
7506,4
7508,TRIV
7510,1
7512,2
7514,TRIV
7516,1
7518,TRIV
7520,TRIV
7522,1
7524,2
7526,TRIV
7528,2
7530,1
7532,TRIV
7534,1
7536,3
7538,TRIV
7540,1
7542,1
7544,TRIV
7546,TRIV
7548,4
7550,TRIV
7552,1
7554,1
7556,TRIV
7558,2
7560,TRIV
7562,TRIV
7564,3
7566,1
7568,TRIV
7570,1
7572,2
7574,TRIV
7576,1
7578,76
7580,TRIV
7582,1
7584,1
7586,TRIV
7588,TRIV
7590,2
7592,TRIV
7594,2
7596,1
7598,TRIV
7600,1
7602,TRIV
7604,TRIV
7606,3
7608,3
7610,TRIV
7612,5
7614,1
7616,TRIV
7618,7
7620,2
7622,TRIV
7624,2
7626,8
7628,TRIV
7630,TRIV
7632,1
7634,TRIV
7636,1
7638,2
7640,TRIV
7642,1
7644,TRIV
7646,TRIV
7648,7
7650,2
7652,TRIV
7654,2
7656,8
7658,TRIV
7660,4
7662,1
7664,TRIV
7666,1
7668,2
7670,TRIV
7672,TRIV
7674,1
7676,TRIV
7678,2
7680,1
7682,TRIV
7684,1
7686,TRIV
7688,TRIV
7690,4
7692,1
7694,TRIV
7696,1
7698,4
7700,TRIV
7702,4
7704,2
7706,TRIV
7708,2
7710,1
7712,TRIV
7714,TRIV
7716,1
7718,TRIV
7720,1
7722,6
7724,TRIV
7726,3
7728,TRIV
7730,TRIV
7732,4
7734,1
7736,TRIV
7738,3
7740,2
7742,TRIV
7744,2
7746,1
7748,TRIV
7750,1
7752,1
7754,TRIV
7756,TRIV
7758,3
7760,TRIV
7762,4
7764,5
7766,TRIV
7768,2
7770,TRIV
7772,TRIV
7774,2
7776,4
7778,TRIV
7780,2
7782,1
7784,TRIV
7786,1
7788,8
7790,TRIV
7792,2
7794,11
7796,TRIV
7798,TRIV
7800,9
7802,TRIV
7804,2
7806,20
7808,TRIV
7810,1
7812,TRIV
7814,TRIV
7816,1
7818,2
7820,TRIV
7822,1
7824,2
7826,TRIV
7828,2
7830,2
7832,TRIV
7834,1
7836,3
7838,TRIV
7840,TRIV
7842,4
7844,TRIV
7846,1
7848,3
7850,TRIV
7852,2
7854,TRIV
7856,TRIV
7858,2
7860,1
7862,TRIV
7864,5
7866,1
7868,TRIV
7870,1
7872,1
7874,TRIV
7876,1
7878,2
7880,TRIV
7882,TRIV
7884,2
7886,TRIV
7888,2
7890,3
7892,TRIV
7894,1
7896,TRIV
7898,TRIV
7900,1
7902,2
7904,TRIV
7906,9
7908,8
7910,TRIV
7912,1
7914,2
7916,TRIV
7918,7
7920,1
7922,TRIV
7924,TRIV
7926,1
7928,TRIV
7930,1
7932,4
7934,TRIV
7936,4
7938,TRIV
7940,TRIV
7942,1
7944,1
7946,TRIV
7948,3
7950,3
7952,TRIV
7954,3
7956,1
7958,TRIV
7960,2
7962,2
7964,TRIV
7966,TRIV
7968,2
7970,TRIV
7972,6
7974,3
7976,TRIV
7978,6
7980,TRIV
7982,TRIV
7984,10
7986,1
7988,TRIV
7990,2
7992,5
7994,TRIV
7996,7
7998,4
8000,TRIV
8002,1
8004,1
8006,TRIV
8008,TRIV
8010,1
8012,TRIV
8014,5
8016,7
8018,TRIV
8020,2
8022,TRIV
8024,TRIV
8026,3
8028,4
8030,TRIV
8032,1
8034,3
8036,TRIV
8038,2
8040,2
8042,TRIV
8044,2
8046,1
8048,TRIV
8050,TRIV
8052,1
8054,TRIV
8056,4
8058,4
8060,TRIV
8062,1
8064,TRIV
8066,TRIV
8068,2
8070,5
8072,TRIV
8074,1
8076,3
8078,TRIV
8080,1
8082,1
8084,TRIV
8086,1
8088,3
8090,TRIV
8092,TRIV
8094,1
8096,TRIV
8098,2
8100,3
8102,TRIV
8104,1
8106,TRIV
8108,TRIV
8110,1
8112,2
8114,TRIV
8116,1
8118,2
8120,TRIV
8122,2
8124,3
8126,TRIV
8128,4
8130,2
8132,TRIV
8134,TRIV
8136,5
8138,TRIV
8140,1
8142,2
8144,TRIV
8146,5
8148,TRIV
8150,TRIV
8152,8
8154,1
8156,TRIV
8158,3
8160,1
8162,TRIV
8164,1
8166,4
8168,TRIV
8170,2
8172,1
8174,TRIV
8176,TRIV
8178,3
8180,TRIV
8182,2
8184,1
8186,TRIV
8188,2
8190,TRIV
8192,TRIV
8194,2
8196,3
8198,TRIV
8200,3
8202,1
8204,TRIV
8206,4
8208,7
8210,TRIV
8212,1
8214,1
8216,TRIV
8218,TRIV
8220,2
8222,TRIV
8224,1
8226,1
8228,TRIV
8230,1
8232,TRIV
8234,TRIV
8236,1
8238,2
8240,TRIV
8242,2
8244,2
8246,TRIV
8248,2
8250,4
8252,TRIV
8254,3
8256,1
8258,TRIV
8260,TRIV
8262,1
8264,TRIV
8266,1
8268,2
8270,TRIV
8272,6
8274,TRIV
8276,TRIV
8278,6
8280,1
8282,TRIV
8284,1
8286,1
8288,TRIV
8290,1
8292,6
8294,TRIV
8296,9
8298,3
8300,TRIV
8302,TRIV
8304,1
8306,TRIV
8308,4
8310,1
8312,TRIV
8314,2
8316,TRIV
8318,TRIV
8320,2
8322,1
8324,TRIV
8326,3
8328,2
8330,TRIV
8332,4
8334,3
8336,TRIV
8338,2
8340,2
8342,TRIV
8344,TRIV
8346,1
8348,TRIV
8350,3
8352,4
8354,TRIV
8356,1
8358,TRIV
8360,TRIV
8362,1
8364,3
8366,TRIV
8368,7
8370,1
8372,TRIV
8374,2
8376,3
8378,TRIV
8380,1
8382,1
8384,TRIV
8386,TRIV
8388,3
8390,TRIV
8392,6
8394,2
8396,TRIV
8398,2
8400,TRIV
8402,TRIV
8404,3
8406,9
8408,TRIV
8410,3
8412,1
8414,TRIV
8416,1
8418,2
8420,TRIV
8422,1
8424,1
8426,TRIV
8428,TRIV
8430,4
8432,TRIV
8434,9
8436,1
8438,TRIV
8440,1
8442,TRIV
8444,TRIV
8446,4
8448,6
8450,TRIV
8452,2
8454,1
8456,TRIV
8458,4
8460,1
8462,TRIV
8464,2
8466,4
8468,TRIV
8470,TRIV
8472,2
8474,TRIV
8476,3
8478,2
8480,TRIV
8482,4
8484,TRIV
8486,TRIV
8488,2
8490,2
8492,TRIV
8494,1
8496,3
8498,TRIV
8500,5
8502,4
8504,TRIV
8506,1
8508,4
8510,TRIV
8512,TRIV
8514,1
8516,TRIV
8518,3
8520,1
8522,TRIV
8524,2
8526,TRIV
8528,TRIV
8530,1
8532,1
8534,TRIV
8536,1
8538,4
8540,TRIV
8542,5
8544,3
8546,TRIV
8548,2
8550,2
8552,TRIV
8554,TRIV
8556,1
8558,TRIV
8560,2
8562,6
8564,TRIV
8566,1
8568,TRIV
8570,TRIV
8572,4
8574,1
8576,TRIV
8578,2
8580,2
8582,TRIV
8584,5
8586,3
8588,TRIV
8590,1
8592,1
8594,TRIV
8596,TRIV
8598,2
8600,TRIV
8602,1
8604,5
8606,TRIV
8608,3
8610,TRIV
8612,TRIV
8614,2
8616,1
8618,TRIV
8620,1
8622,1
8624,TRIV
8626,3
8628,2
8630,TRIV
8632,2
8634,1
8636,TRIV
8638,TRIV
8640,1
8642,TRIV
8644,2
8646,4
8648,TRIV
8650,2
8652,TRIV
8654,TRIV
8656,1
8658,2
8660,TRIV
8662,1
8664,2
8666,TRIV
8668,3
8670,1
8672,TRIV
8674,1
8676,8
8678,TRIV
8680,TRIV
8682,1
8684,TRIV
8686,1
8688,2
8690,TRIV
8692,1
8694,TRIV
8696,TRIV
8698,2
8700,1
8702,TRIV
8704,2
8706,1
8708,TRIV
8710,6
8712,1
8714,TRIV
8716,3
8718,4
8720,TRIV
8722,TRIV
8724,1
8726,TRIV
8728,55
8730,1
8732,TRIV
8734,1
8736,TRIV
8738,TRIV
8740,1
8742,8
8744,TRIV
8746,1
8748,3
8750,TRIV
8752,8
8754,1
8756,TRIV
8758,2
8760,3
8762,TRIV
8764,TRIV
8766,3
8768,TRIV
8770,2
8772,1
8774,TRIV
8776,1
8778,TRIV
8780,TRIV
8782,2
8784,3
8786,TRIV
8788,2
8790,2
8792,TRIV
8794,3
8796,1
8798,TRIV
8800,1
8802,5
8804,TRIV
8806,TRIV
8808,3
8810,TRIV
8812,1
8814,1
8816,TRIV
8818,2
8820,TRIV
8822,TRIV
8824,1
8826,5
8828,TRIV
8830,1
8832,1
8834,TRIV
8836,5
8838,2
8840,TRIV
8842,1
8844,2
8846,TRIV
8848,TRIV
8850,4
8852,TRIV
8854,1
8856,1
8858,TRIV
8860,1
8862,TRIV
8864,TRIV
8866,3
8868,6
8870,TRIV
8872,4
8874,2
8876,TRIV
8878,3
8880,1
8882,TRIV
8884,2
8886,1
8888,TRIV
8890,TRIV
8892,2
8894,TRIV
8896,3
8898,3
8900,TRIV
8902,2
8904,TRIV
8906,TRIV
8908,7
8910,4
8912,TRIV
8914,2
8916,1
8918,TRIV
8920,2
8922,1
8924,TRIV
8926,1
8928,4
8930,TRIV
8932,TRIV
8934,1
8936,TRIV
8938,3
8940,3
8942,TRIV
8944,1
8946,TRIV
8948,TRIV
8950,2
8952,2
8954,TRIV
8956,1
8958,2
8960,TRIV
8962,1
8964,1
8966,TRIV
8968,3
8970,8
8972,TRIV
8974,TRIV
8976,3
8978,TRIV
8980,2
8982,4
8984,TRIV
8986,5
8988,TRIV
8990,TRIV
8992,1
8994,1
8996,TRIV
8998,3
9000,1
9002,TRIV
9004,1
9006,1
9008,TRIV
9010,2
9012,5
9014,TRIV
9016,TRIV
9018,2
9020,TRIV
9022,1
9024,13
9026,TRIV
9028,3
9030,TRIV
9032,TRIV
9034,1
9036,1
9038,TRIV
9040,5
9042,1
9044,TRIV
9046,4
9048,3
9050,TRIV
9052,1
9054,2
9056,TRIV
9058,TRIV
9060,1
9062,TRIV
9064,6
9066,4
9068,TRIV
9070,3
9072,TRIV
9074,TRIV
9076,3
9078,2
9080,TRIV
9082,4
9084,1
9086,TRIV
9088,2
9090,3
9092,TRIV
9094,3
9096,1
9098,TRIV
9100,TRIV
9102,1
9104,TRIV
9106,5
9108,2
9110,TRIV
9112,2
9114,TRIV
9116,TRIV
9118,3
9120,1
9122,TRIV
9124,2
9126,1
9128,TRIV
9130,1
9132,2
9134,TRIV
9136,3
9138,2
9140,TRIV
9142,TRIV
9144,1
9146,TRIV
9148,3
9150,1
9152,TRIV
9154,1
9156,TRIV
9158,TRIV
9160,2
9162,5
9164,TRIV
9166,1
9168,3
9170,TRIV
9172,2
9174,1
9176,TRIV
9178,2
9180,1
9182,TRIV
9184,TRIV
9186,4
9188,TRIV
9190,2
9192,1
9194,TRIV
9196,1
9198,TRIV
9200,TRIV
9202,1
9204,3
9206,TRIV
9208,2
9210,5
9212,TRIV
9214,1
9216,4
9218,TRIV
9220,1
9222,5
9224,TRIV
9226,TRIV
9228,2
9230,TRIV
9232,1
9234,1
9236,TRIV
9238,36
9240,TRIV
9242,TRIV
9244,2
9246,5
9248,TRIV
9250,1
9252,17
9254,TRIV
9256,4
9258,3
9260,TRIV
9262,2
9264,6
9266,TRIV
9268,TRIV
9270,1
9272,TRIV
9274,1
9276,1
9278,TRIV
9280,3
9282,TRIV
9284,TRIV
9286,1
9288,2
9290,TRIV
9292,2
9294,2
9296,TRIV
9298,4
9300,2
9302,TRIV
9304,1
9306,3
9308,TRIV
9310,TRIV
9312,1
9314,TRIV
9316,1
9318,3
9320,TRIV
9322,2
9324,TRIV
9326,TRIV
9328,2
9330,1
9332,TRIV
9334,1
9336,1
9338,TRIV
9340,6
9342,1
9344,TRIV
9346,3
9348,2
9350,TRIV
9352,TRIV
9354,2
9356,TRIV
9358,8
9360,23
9362,TRIV
9364,1
9366,TRIV
9368,TRIV
9370,1
9372,2
9374,TRIV
9376,3
9378,3
9380,TRIV
9382,2
9384,1
9386,TRIV
9388,2
9390,1
9392,TRIV
9394,TRIV
9396,1
9398,TRIV
9400,3
9402,5
9404,TRIV
9406,1
9408,TRIV
9410,TRIV
9412,1
9414,1
9416,TRIV
9418,2
9420,4
9422,TRIV
9424,1
9426,1
9428,TRIV
9430,1
9432,1
9434,TRIV
9436,TRIV
9438,3
9440,TRIV
9442,2
9444,3
9446,TRIV
9448,2
9450,TRIV
9452,TRIV
9454,1
9456,1
9458,TRIV
9460,1
9462,2
9464,TRIV
9466,1
9468,3
9470,TRIV
9472,1
9474,3
9476,TRIV
9478,TRIV
9480,7
9482,TRIV
9484,1
9486,3
9488,TRIV
9490,1
9492,TRIV
9494,TRIV
9496,3
9498,2
9500,TRIV
9502,2
9504,1
9506,TRIV
9508,3
9510,5
9512,TRIV
9514,1
9516,3
9518,TRIV
9520,TRIV
9522,4
9524,TRIV
9526,1
9528,3
9530,TRIV
9532,1
9534,TRIV
9536,TRIV
9538,2
9540,1
9542,TRIV
9544,1
9546,12
9548,TRIV
9550,5
9552,2
9554,TRIV
9556,7
9558,3
9560,TRIV
9562,TRIV
9564,2
9566,TRIV
9568,4
9570,2
9572,TRIV
9574,2
9576,TRIV
9578,TRIV
9580,1
9582,2
9584,TRIV
9586,3
9588,3
9590,TRIV
9592,5
9594,1
9596,TRIV
9598,3
9600,2
9602,TRIV
9604,TRIV
9606,1
9608,TRIV
9610,4
9612,1
9614,TRIV
9616,1
9618,TRIV
9620,TRIV
9622,1
9624,1
9626,TRIV
9628,2
9630,2
9632,TRIV
9634,7
9636,1
9638,TRIV
9640,2
9642,1
9644,TRIV
9646,TRIV
9648,2
9650,TRIV
9652,5
9654,1
9656,TRIV
9658,7
9660,TRIV
9662,TRIV
9664,3
9666,3
9668,TRIV
9670,1
9672,1
9674,TRIV
9676,7
9678,11
9680,TRIV
9682,1
9684,2
9686,TRIV
9688,TRIV
9690,1
9692,TRIV
9694,2
9696,3
9698,TRIV
9700,2
9702,TRIV
9704,TRIV
9706,4
9708,4
9710,TRIV
9712,1
9714,1
9716,TRIV
9718,2
9720,2
9722,TRIV
9724,3
9726,1
9728,TRIV
9730,TRIV
9732,1
9734,TRIV
9736,1
9738,2
9740,TRIV
9742,1
9744,TRIV
9746,TRIV
9748,3
9750,3
9752,TRIV
9754,2
9756,3
9758,TRIV
9760,1
9762,1
9764,TRIV
9766,5
9768,2
9770,TRIV
9772,TRIV
9774,1
9776,TRIV
9778,18
9780,1
9782,TRIV
9784,1
9786,TRIV
9788,TRIV
9790,2
9792,13
9794,TRIV
9796,1
9798,3
9800,TRIV
9802,2
9804,1
9806,TRIV
9808,2
9810,1
9812,TRIV
9814,TRIV
9816,3
9818,TRIV
9820,3
9822,1
9824,TRIV
9826,1
9828,TRIV
9830,TRIV
9832,1
9834,2
9836,TRIV
9838,2
9840,4
9842,TRIV
9844,1
9846,7
9848,TRIV
9850,1
9852,1
9854,TRIV
9856,TRIV
9858,2
9860,TRIV
9862,4
9864,1
9866,TRIV
9868,3
9870,TRIV
9872,TRIV
9874,2
9876,1
9878,TRIV
9880,1
9882,2
9884,TRIV
9886,5
9888,4
9890,TRIV
9892,2
9894,1
9896,TRIV
9898,TRIV
9900,1
9902,TRIV
9904,3
9906,5
9908,TRIV
9910,3
9912,TRIV
9914,TRIV
9916,1
9918,2
9920,TRIV
9922,1
9924,1
9926,TRIV
9928,3
9930,3
9932,TRIV
9934,1
9936,7
9938,TRIV
9940,TRIV
9942,1
9944,TRIV
9946,3
9948,6
9950,TRIV
9952,5
9954,TRIV
9956,TRIV
9958,2
9960,1
9962,TRIV
9964,99
9966,1
9968,TRIV
9970,3
9972,4
9974,TRIV
9976,4
9978,3
9980,TRIV
9982,TRIV
9984,9
9986,TRIV
9988,2
9990,2
9992,TRIV
9994,3
9996,TRIV
9998,TRIV
10000,1