2,2
4,1
6,TRIV
8,ALG
10,1
12,TRIV
14,TRIV
16,1
18,TRIV
20,1
22,1
24,TRIV
26,9
28,2
30,TRIV
32,6
34,12
36,TRIV
38,2
40,TRIV
42,TRIV
44,9
46,2
48,TRIV
50,21
52,2
54,TRIV
56,2
58,4
60,TRIV
62,8
64,ALG
66,TRIV
68,2
70,2
72,TRIV
74,3
76,2
78,TRIV
80,3
82,2
84,TRIV
86,2
88,2
90,TRIV
92,TRIV
94,4
96,TRIV
98,2
100,3
102,TRIV
104,4
106,3
108,TRIV
110,2
112,2
114,TRIV
116,2
118,TRIV
120,TRIV
122,2
124,3
126,TRIV
128,2
130,2
132,TRIV
134,5
136,2
138,TRIV
140,3
142,2
144,TRIV
146,10
148,225
150,TRIV
152,2
154,4
156,TRIV
158,2
160,2
162,TRIV
164,7
166,2
168,TRIV
170,TRIV
172,2
174,TRIV
176,3
178,4
180,TRIV
182,2
184,8
186,TRIV
188,2
190,5
192,TRIV
194,3
196,TRIV
198,TRIV
200,3
202,4
204,TRIV
206,2
208,2
210,TRIV
212,3
214,3
216,TRIV
218,25
220,2
222,TRIV
224,5
226,2
228,TRIV
230,2
232,23
234,TRIV
236,3
238,2
240,TRIV
242,2
244,4
246,TRIV
248,TRIV
250,2
252,TRIV
254,3
256,3
258,TRIV
260,3
262,2
264,TRIV
266,2
268,2
270,TRIV
272,2
274,TRIV
276,TRIV
278,4
280,2
282,TRIV
284,8
286,2
288,TRIV
290,2
292,3
294,TRIV
296,2
298,2
300,TRIV
302,3
304,3
306,TRIV
308,2
310,2
312,TRIV
  ***   at top-level: ...67,if(k%2==0,print(k,",",c(k))))
  ***                                             ^-------
  ***   in function c: ...V",if(ispower(k,3),"ALG",a(k,27)))
  ***                                              ^---------
  ***   in function a: for(n=1,10000,if(ispseudoprime(b^n-k),return(n
  ***                                   ^-----------------------------
  *** ispseudoprime: user interrupt after 2,203 ms
(04:23) gp > for(k=315,1267,if(k%2==0,print(k,",",c(k))))
316,7
318,TRIV
320,2
322,36
324,TRIV
326,TRIV
328,2
330,TRIV
332,2
334,95
336,TRIV
338,4
340,2
342,TRIV
344,3159
346,2
348,TRIV
350,2
352,TRIV
354,TRIV
356,2
358,5
360,TRIV
362,2
364,3
366,TRIV
368,25
370,2
372,TRIV
374,3
376,2
378,TRIV
380,2
382,2
384,TRIV
386,13
388,6
390,TRIV
392,2
394,3
396,TRIV
398,2
400,5
402,TRIV
404,TRIV
406,5
408,TRIV
410,3
412,2
414,TRIV
416,2
418,2
420,TRIV
422,2
424,3
426,TRIV
428,5
430,TRIV
432,TRIV
434,3
436,2
438,TRIV
440,14
442,35
444,TRIV
446,2
448,2
450,TRIV
452,2
454,236
456,TRIV
458,2
460,2
462,TRIV
464,3
466,2
468,TRIV
470,3
472,2
474,TRIV
476,3
478,2
480,TRIV
482,TRIV
484,5
486,TRIV
488,2
490,2
492,TRIV
494,4
496,2
498,TRIV
500,2
502,2
504,TRIV
506,2
508,TRIV
510,TRIV
512,ALG
514,8
516,TRIV
518,2
520,3
522,TRIV
524,152
526,3
528,TRIV
530,2
532,2
534,TRIV
536,2
538,2
540,TRIV
542,3
544,3
546,TRIV
548,2
550,2
552,TRIV
554,5
556,2
558,TRIV
560,TRIV
562,2
564,TRIV
566,2
568,5
570,TRIV
572,2
574,8
576,TRIV
578,2
580,2
582,TRIV
584,4
586,TRIV
588,TRIV
590,2
592,2
594,TRIV
596,3
598,2
600,TRIV
602,2
604,3
606,TRIV
608,4
610,3
612,TRIV
614,3
616,2
618,TRIV
620,2
622,2
624,TRIV
626,2
628,2
630,TRIV
632,2
634,4
636,TRIV
638,TRIV
640,2
642,TRIV
644,4
646,2
648,TRIV
650,2
652,3
654,TRIV
656,2
658,2
660,TRIV
662,2
664,TRIV
666,TRIV
668,2
670,2
672,TRIV
674,3
676,2
678,TRIV
680,5
682,2
684,TRIV
686,2
688,2
690,TRIV
692,2
694,49
696,TRIV
698,2
700,2
702,TRIV
704,3
706,2
708,TRIV
710,2
712,2
714,TRIV
716,TRIV
718,2
720,TRIV
722,2
724,2
726,TRIV
728,4
730,4
732,TRIV
734,8
736,3
738,TRIV
740,4
742,TRIV
744,TRIV
746,15
748,4
750,TRIV
752,11
754,8
756,TRIV
758,5
760,9
762,TRIV
764,3
766,3
768,TRIV
770,3
772,3
774,TRIV
776,3534
778,169
780,TRIV
782,4
784,3
786,TRIV
788,4
790,6
792,TRIV
794,TRIV
796,55
798,TRIV
800,4
802,7
804,TRIV
806,29
808,12
810,TRIV
812,6
814,3
816,TRIV
818,1112
820,TRIV
822,TRIV
824,3
826,7
828,TRIV
830,7
832,4
834,TRIV
836,9
838,4
840,TRIV
842,4
844,3
846,TRIV
848,9
850,6
852,TRIV
854,72
856,367
858,TRIV
860,6
862,REM
864,TRIV
866,6
868,5
870,TRIV
872,TRIV
874,4
876,TRIV
878,5
880,3
882,TRIV
884,319
886,3
888,TRIV
890,3
892,4
894,TRIV
896,3
898,TRIV
900,TRIV
902,4
904,17
906,TRIV
908,4
910,3
912,TRIV
914,4
916,6
918,TRIV
920,5
922,8
924,TRIV
926,3
928,4
930,TRIV
932,43
934,3
936,TRIV
938,10
940,3
942,TRIV
944,REM
946,9
948,TRIV
950,TRIV
952,3
954,TRIV
956,7
958,12
960,TRIV
962,7
964,3
966,TRIV
968,70
970,3
972,TRIV
974,5
976,TRIV
978,TRIV
980,6
982,3
984,TRIV
986,26
988,5
990,TRIV
992,3
994,4
996,TRIV
998,4
1000,ALG
1002,TRIV
1004,3
1006,17
1008,TRIV
1010,18
1012,3
1014,TRIV
1016,5
1018,9
1020,TRIV
1022,3
1024,9
1026,TRIV
1028,TRIV
1030,7
1032,TRIV
1034,33
1036,7
1038,TRIV
1040,4
1042,6
1044,TRIV
1046,3
1048,4
1050,TRIV
1052,4
1054,TRIV
1056,TRIV
1058,13
1060,11
1062,TRIV
1064,8
1066,3
1068,TRIV
1070,76
1072,23
1074,TRIV
1076,18
1078,5
1080,TRIV
1082,4
1084,20
1086,TRIV
1088,4
1090,3
1092,TRIV
1094,487
1096,3
1098,TRIV
1100,3
1102,4
1104,TRIV
1106,TRIV
1108,4
1110,TRIV
1112,4
1114,51
1116,TRIV
1118,9
1120,5
1122,TRIV
1124,5
1126,6
1128,TRIV
1130,3
1132,TRIV
1134,TRIV
1136,5
1138,4
1140,TRIV
1142,3
1144,3
1146,TRIV
1148,4
1150,6
1152,TRIV
1154,8
1156,209
1158,TRIV
1160,3
1162,3
1164,TRIV
1166,3
1168,22
1170,TRIV
1172,12
1174,4
1176,TRIV
1178,12
1180,3
1182,TRIV
1184,TRIV
1186,10
1188,TRIV
1190,3
1192,4
1194,TRIV
1196,442
1198,5
1200,TRIV
1202,3
1204,4
1206,TRIV
1208,12
1210,TRIV
1212,TRIV
1214,4
1216,5
1218,TRIV
1220,7
1222,3
1224,TRIV
1226,3
1228,13
1230,TRIV
1232,3
1234,8
1236,TRIV
1238,4
1240,3
1242,TRIV
1244,3
1246,74
1248,TRIV
1250,3
1252,6
1254,TRIV
1256,3
1258,4
1260,TRIV
1262,TRIV
1264,4
1266,TRIV