1,1
3,1
5,TRIV
7,1
9,1
11,TRIV
13,1
15,TRIV
17,TRIV
19,1
21,1
23,TRIV
25,TRIV
27,1
29,TRIV
31,1
33,1
35,TRIV
37,1
39,2
41,TRIV
43,1
45,TRIV
47,TRIV
49,1
51,1
53,TRIV
55,TRIV
57,1
59,TRIV
61,1
63,1
65,TRIV
67,2
69,1
71,TRIV
73,1
75,TRIV
77,TRIV
79,1
81,2
83,TRIV
85,TRIV
87,1
89,TRIV
91,1
93,1
95,TRIV
97,1
99,1
101,TRIV
103,1
105,TRIV
107,TRIV
109,3
111,2
113,TRIV
115,TRIV
117,1
119,TRIV
121,1
123,2
125,TRIV
127,1
129,1
131,TRIV
133,2
135,TRIV
137,TRIV
139,1
141,1
143,TRIV
145,TRIV
147,1
149,TRIV
151,2
153,1
155,TRIV
157,1
159,4
161,TRIV
163,1
165,TRIV
167,TRIV
169,1
171,1
173,TRIV
175,TRIV
177,2
179,TRIV
181,1
183,1
185,TRIV
187,1
189,1
191,TRIV
193,2
195,TRIV
197,TRIV
199,6
201,1
203,TRIV
205,TRIV
207,2
209,TRIV
211,2
213,1
215,TRIV
217,1
219,1
221,TRIV
223,1
225,TRIV
227,TRIV
229,1
231,1
233,TRIV
235,TRIV
237,2
239,TRIV
241,1
243,4
245,TRIV
247,1
249,2
251,TRIV
253,1
255,TRIV
257,TRIV
259,1
261,1
263,TRIV
265,TRIV
267,1
269,TRIV
271,1
273,1
275,TRIV
277,3
279,2
281,TRIV
283,1
285,TRIV
287,TRIV
289,2
291,3
293,TRIV
295,TRIV
297,1
299,TRIV
301,1
303,1
305,TRIV
307,1
309,2
311,TRIV
313,4
315,TRIV
317,TRIV
319,2
321,1
323,TRIV
325,TRIV
327,1
329,TRIV
331,2
333,2
335,TRIV
337,1
339,1
341,TRIV
343,1
345,TRIV
347,TRIV
349,1
351,263
353,TRIV
355,TRIV
357,1
359,TRIV
361,2
363,1
365,TRIV
367,2
369,1
371,TRIV
373,1
375,TRIV
377,TRIV
379,1
381,3
383,TRIV
385,TRIV
387,1
389,TRIV
391,1
393,5
395,TRIV
397,6
399,1
401,TRIV
403,2
405,TRIV
407,TRIV
409,1
411,1
413,TRIV
415,TRIV
417,5
419,TRIV
421,1
423,1
425,TRIV
427,3
429,1
431,TRIV
433,1
435,TRIV
437,TRIV
439,1
441,2
443,TRIV
445,TRIV
447,1
449,TRIV
451,1
453,1
455,TRIV
457,1
459,3
461,TRIV
463,2
465,TRIV
467,TRIV
469,1
471,2
473,TRIV
475,TRIV
477,1
479,TRIV
481,1
483,3
485,TRIV
487,2
489,1
491,TRIV
493,1
495,TRIV
497,TRIV
499,1
501,2
503,TRIV
505,TRIV
507,2
509,TRIV
511,1
513,1
515,TRIV
517,2
519,2
521,TRIV
523,3
525,TRIV
527,TRIV
529,4
531,1
533,TRIV
535,TRIV
537,1
539,TRIV
541,2
543,2
545,TRIV
547,1
549,3
551,TRIV
553,1
555,TRIV
557,TRIV
559,1
561,1
563,TRIV
565,TRIV
567,1
569,TRIV
571,3
573,2
575,TRIV
577,1
579,3
581,TRIV
583,1
585,TRIV
587,TRIV
589,1
591,1
593,TRIV
595,TRIV
597,1
599,TRIV
601,2
603,1
605,TRIV
607,1
609,1
611,TRIV
613,3
615,TRIV
617,TRIV
619,2
621,1
623,TRIV
625,TRIV
627,2
629,TRIV
631,1
633,1
635,TRIV
637,1
639,2
641,TRIV
643,1
645,TRIV
647,TRIV
649,1
651,1
653,TRIV
655,TRIV
657,2
659,TRIV
661,2
663,1
665,TRIV
667,1
669,2
671,TRIV
673,1
675,TRIV
677,TRIV
679,6
681,1
683,TRIV
685,TRIV
687,2
689,TRIV
691,1
693,3
695,TRIV
697,2
699,1
701,TRIV
703,5
705,TRIV
707,TRIV
709,1
711,2
713,TRIV
715,TRIV
717,1
719,TRIV
721,2
723,1
725,TRIV
727,2
729,1
731,TRIV
733,1
735,TRIV
737,TRIV
739,2
741,1
743,TRIV
745,TRIV
747,1
749,TRIV
751,1
753,2
755,TRIV
757,2
759,1
761,TRIV
763,1
765,TRIV
767,TRIV
769,5
771,4
773,TRIV
775,TRIV
777,1
779,TRIV
781,2
783,2
785,TRIV
787,1
789,3
791,TRIV
793,6
795,TRIV
797,TRIV
799,1
801,1
803,TRIV
805,TRIV
807,2
809,TRIV
811,1
813,1
815,TRIV
817,1
819,1
821,TRIV
823,3
825,TRIV
827,TRIV
829,1
831,3
833,TRIV
835,TRIV
837,2
839,TRIV
841,2
843,1
845,TRIV
847,1
849,1
851,TRIV
853,1
855,TRIV
857,TRIV
859,4
861,3
863,TRIV
865,TRIV
867,1
869,TRIV
871,1
873,1
875,TRIV
877,1
879,3
881,TRIV
883,2
885,TRIV
887,TRIV
889,3
891,2
893,TRIV
895,TRIV
897,1
899,TRIV
901,1
903,4
905,TRIV
907,3
909,1
911,TRIV
913,2
915,TRIV
917,TRIV
919,1
921,2
923,TRIV
925,TRIV
927,1
929,TRIV
931,1
933,2
935,TRIV
937,1
939,2
941,TRIV
943,1
945,TRIV
947,TRIV
949,2
951,2
953,TRIV
955,TRIV
957,1
959,TRIV
961,1
963,2
965,TRIV
967,1
969,2
971,TRIV
973,1
975,TRIV
977,TRIV
979,3
981,1
983,TRIV
985,TRIV
987,1
989,TRIV
991,2
993,2
995,TRIV
997,2
999,1
1001,TRIV
1003,1
1005,TRIV
1007,TRIV
1009,1
1011,1
1013,TRIV
1015,TRIV
1017,2
1019,TRIV
1021,1
1023,1
1025,TRIV
1027,3
1029,1
1031,TRIV
1033,35
1035,TRIV
1037,TRIV
1039,1
1041,1
1043,TRIV
1045,TRIV
1047,4
1049,TRIV
1051,1
1053,1
1055,TRIV
1057,4
1059,1
1061,TRIV
1063,2
1065,TRIV
1067,TRIV
1069,3
1071,2
1073,TRIV
1075,TRIV
1077,1
1079,TRIV
1081,1
1083,1
1085,TRIV
1087,1
1089,3
1091,TRIV
1093,1
1095,TRIV
1097,TRIV
1099,1
1101,2
1103,TRIV
1105,TRIV
1107,1
1109,TRIV
1111,3
1113,1
1115,TRIV
1117,2
1119,1
1121,TRIV
1123,2
1125,TRIV
1127,TRIV
1129,2
1131,2
1133,TRIV
1135,TRIV
1137,2
1139,TRIV
1141,1
1143,1
1145,TRIV
1147,8
1149,2
1151,TRIV
1153,1
1155,TRIV
1157,TRIV
1159,2
1161,1
1163,TRIV
1165,TRIV
1167,36
1169,TRIV
1171,1
1173,4
1175,TRIV
1177,1
1179,2
1181,TRIV
1183,1
1185,TRIV
1187,TRIV
1189,2
1191,1
1193,TRIV
1195,TRIV
1197,2
1199,TRIV
1201,2
1203,1
1205,TRIV
1207,1
1209,5
1211,TRIV
1213,1
1215,TRIV
1217,TRIV
1219,1
1221,1
1223,TRIV
1225,TRIV
1227,1
1229,TRIV
1231,7
1233,24
1235,TRIV
1237,3
1239,1
1241,TRIV
1243,3
1245,TRIV
1247,TRIV
1249,1
1251,3
1253,TRIV
1255,TRIV
1257,4
1259,TRIV
1261,2
1263,9
1265,TRIV
1267,1
1269,1
1271,TRIV
1273,1
1275,TRIV
1277,TRIV
1279,1
1281,1
1283,TRIV
1285,TRIV
1287,1
1289,TRIV
1291,1
1293,1
1295,TRIV
1297,1
1299,2
1301,TRIV
1303,6
1305,TRIV
1307,TRIV
1309,1
1311,1
1313,TRIV
1315,TRIV
1317,1
1319,TRIV
1321,4
1323,2
1325,TRIV
1327,2
1329,2
1331,TRIV
1333,2
1335,TRIV
1337,TRIV
1339,2
1341,3
1343,TRIV
1345,TRIV
1347,2
1349,TRIV
1351,1
1353,2
1355,TRIV
1357,1
1359,2
1361,TRIV
1363,1
1365,TRIV
1367,TRIV
1369,4
1371,1
1373,TRIV
1375,TRIV
1377,3
1379,TRIV
1381,2
1383,2
1385,TRIV
1387,2
1389,1
1391,TRIV
1393,2
1395,TRIV
1397,TRIV
1399,1
1401,6
1403,TRIV
1405,TRIV
1407,39
1409,TRIV
1411,2
1413,1
1415,TRIV
1417,1
1419,1
1421,TRIV
1423,1
1425,TRIV
1427,TRIV
1429,1
1431,2
1433,TRIV
1435,TRIV
1437,1
1439,TRIV
1441,1
1443,1
1445,TRIV
1447,3
1449,1
1451,TRIV
1453,2
1455,TRIV
1457,TRIV
1459,2
1461,1
1463,TRIV
1465,TRIV
1467,2
1469,TRIV
1471,1
1473,1
1475,TRIV
1477,1
1479,1
1481,TRIV
1483,1
1485,TRIV
1487,TRIV
1489,1
1491,4
1493,TRIV
1495,TRIV
1497,2
1499,TRIV
1501,1
1503,3
1505,TRIV
1507,2
1509,2
1511,TRIV
1513,1
1515,TRIV
1517,TRIV
1519,2
1521,1
1523,TRIV
1525,TRIV
1527,2
1529,TRIV
1531,3
1533,1
1535,TRIV
1537,2
1539,1
1541,TRIV
1543,1
1545,TRIV
1547,TRIV
1549,1
1551,3
1553,TRIV
1555,TRIV
1557,1
1559,TRIV
1561,1
1563,2
1565,TRIV
1567,2
1569,1
1571,TRIV
1573,1
1575,TRIV
1577,TRIV
1579,3
1581,5
1583,TRIV
1585,TRIV
1587,1
1589,TRIV
1591,1
1593,2
1595,TRIV
1597,1
1599,1
1601,TRIV
1603,1
1605,TRIV
1607,TRIV
1609,1
1611,1
1613,TRIV
1615,TRIV
1617,1
1619,TRIV
1621,2
1623,2
1625,TRIV
1627,1
1629,6
1631,TRIV
1633,2
1635,TRIV
1637,TRIV
1639,6
1641,2
1643,TRIV
1645,TRIV
1647,1
1649,TRIV
1651,8
1653,1
1655,TRIV
1657,1
1659,1
1661,TRIV
1663,3
1665,TRIV
1667,TRIV
1669,6
1671,3
1673,TRIV
1675,TRIV
1677,2
1679,TRIV
1681,4
1683,1
1685,TRIV
1687,1
1689,1
1691,TRIV
1693,3
1695,TRIV
1697,TRIV
1699,1
1701,2
1703,TRIV
1705,TRIV
1707,3
1709,TRIV
1711,1
1713,1
1715,TRIV
1717,4
1719,3
1721,TRIV
1723,1
1725,TRIV
1727,TRIV
1729,3
1731,1
1733,TRIV
1735,TRIV
1737,1
1739,TRIV
1741,3
1743,1
1745,TRIV
1747,2
1749,1
1751,TRIV
1753,3
1755,TRIV
1757,TRIV
1759,7
1761,2
1763,TRIV
1765,TRIV
1767,1
1769,TRIV
1771,2
1773,1
1775,TRIV
1777,1
1779,1
1781,TRIV
1783,4
1785,TRIV
1787,TRIV
1789,2
1791,1
1793,TRIV
1795,TRIV
1797,3
1799,TRIV
1801,1
1803,3
1805,TRIV
1807,2
1809,6
1811,TRIV
1813,1
1815,TRIV
1817,TRIV
1819,3
1821,1
1823,TRIV
1825,TRIV
1827,4
1829,TRIV
1831,2
1833,2
1835,TRIV
1837,1
1839,4
1841,TRIV
1843,3
1845,TRIV
1847,TRIV
1849,2
1851,1
1853,TRIV
1855,TRIV
1857,1
1859,TRIV
1861,1
1863,1
1865,TRIV
1867,1
1869,1
1871,TRIV
1873,2
1875,TRIV
1877,TRIV
1879,1
1881,7
1883,TRIV
1885,TRIV
1887,2
1889,TRIV
1891,1
1893,2
1895,TRIV
1897,1
1899,2
1901,TRIV
1903,1
1905,TRIV
1907,TRIV
1909,3
1911,2
1913,TRIV
1915,TRIV
1917,2
1919,TRIV
1921,1
1923,1
1925,TRIV
1927,2
1929,2
1931,TRIV
1933,4
1935,TRIV
1937,TRIV
1939,1
1941,1
1943,TRIV
1945,TRIV
1947,6
1949,TRIV
1951,29
1953,2
1955,TRIV
1957,3
1959,4
1961,TRIV
1963,1
1965,TRIV
1967,TRIV
1969,1
1971,3
1973,TRIV
1975,TRIV
1977,1
1979,TRIV
1981,2
1983,1
1985,TRIV
1987,1
1989,1
1991,TRIV
1993,1
1995,TRIV
1997,TRIV
1999,2
2001,1
2003,TRIV
2005,TRIV
2007,1
2009,TRIV
2011,2
2013,2
2015,TRIV
2017,1
2019,1
2021,TRIV
2023,3
2025,TRIV
2027,TRIV
2029,1
2031,2
2033,TRIV
2035,TRIV
2037,2
2039,TRIV
2041,2
2043,1
2045,TRIV
2047,14
2049,3
2051,TRIV
2053,1
2055,TRIV
2057,TRIV
2059,1
2061,2
2063,TRIV
2065,TRIV
2067,3
2069,TRIV
2071,1
2073,1
2075,TRIV
2077,1
2079,1
2081,TRIV
2083,3
2085,TRIV
2087,TRIV
2089,1
2091,6
2093,TRIV
2095,TRIV
2097,4
2099,TRIV
2101,1
2103,1
2105,TRIV
2107,2
2109,3
2111,TRIV
2113,2
2115,TRIV
2117,TRIV
2119,1
2121,1
2123,TRIV
2125,TRIV
2127,1
2129,TRIV
2131,1
2133,1
2135,TRIV
2137,2
2139,2
2141,TRIV
2143,1
2145,TRIV
2147,TRIV
2149,4
2151,1
2153,TRIV
2155,TRIV
2157,4
2159,TRIV
2161,4
2163,3
2165,TRIV
2167,2
2169,1
2171,TRIV
2173,2
2175,TRIV
2177,TRIV
2179,188
2181,2
2183,TRIV
2185,TRIV
2187,2
2189,TRIV
2191,3
2193,1
2195,TRIV
2197,1
2199,5
2201,TRIV
2203,1
2205,TRIV
2207,TRIV
2209,2
2211,1
2213,TRIV
2215,TRIV
2217,3
2219,TRIV
2221,3
2223,8
2225,TRIV
2227,1
2229,1
2231,TRIV
2233,1
2235,TRIV
2237,TRIV
2239,2
2241,1
2243,TRIV
2245,TRIV
2247,2
2249,TRIV
2251,2
2253,3
2255,TRIV
2257,1
2259,1
2261,TRIV
2263,1
2265,TRIV
2267,TRIV
2269,4
2271,1
2273,TRIV
2275,TRIV
2277,1
2279,TRIV
2281,2
2283,1
2285,TRIV
2287,1
2289,2
2291,TRIV
2293,2
2295,TRIV
2297,TRIV
2299,1
2301,1
2303,TRIV
2305,TRIV
2307,3
2309,TRIV
2311,2
2313,3
2315,TRIV
2317,2
2319,3
2321,TRIV
2323,1
2325,TRIV
2327,TRIV
2329,1
2331,1
2333,TRIV
2335,TRIV
2337,1
2339,TRIV
2341,1
2343,3
2345,TRIV
2347,1
2349,6
2351,TRIV
2353,11
2355,TRIV
2357,TRIV
2359,2
2361,1
2363,TRIV
2365,TRIV
2367,1
2369,TRIV
2371,1
2373,1
2375,TRIV
2377,2
2379,1
2381,TRIV
2383,1
2385,TRIV
2387,TRIV
2389,1
2391,3
2393,TRIV
2395,TRIV
2397,5
2399,TRIV
2401,1
2403,2
2405,TRIV
2407,1
2409,4
2411,TRIV
2413,1
2415,TRIV
2417,TRIV
2419,131
2421,2
2423,TRIV
2425,TRIV
2427,1
2429,TRIV
2431,1
2433,3
2435,TRIV
2437,1
2439,2
2441,TRIV
2443,2
2445,TRIV
2447,TRIV
2449,1
2451,2
2453,TRIV
2455,TRIV
2457,1
2459,TRIV
2461,3
2463,1
2465,TRIV
2467,1
2469,3
2471,TRIV
2473,4
2475,TRIV
2477,TRIV
2479,2
2481,5
2483,TRIV
2485,TRIV
2487,4
2489,TRIV
2491,2
2493,1
2495,TRIV
2497,4
2499,3
2501,TRIV
2503,4
2505,TRIV
2507,TRIV
2509,2
2511,1
2513,TRIV
2515,TRIV
2517,2
2519,TRIV
2521,1
2523,5
2525,TRIV
2527,3
2529,1
2531,TRIV
2533,1
2535,TRIV
2537,TRIV
2539,1
2541,1
2543,TRIV
2545,TRIV
2547,1
2549,TRIV
2551,5
2553,4
2555,TRIV
2557,2
2559,2
2561,TRIV
2563,2
2565,TRIV
2567,TRIV
2569,1
2571,2
2573,TRIV
2575,TRIV
2577,2
2579,TRIV
2581,1
2583,1
2585,TRIV
2587,2
2589,2
2591,TRIV
2593,2
2595,TRIV
2597,TRIV
2599,1
2601,4
2603,TRIV
2605,TRIV
2607,1
2609,TRIV
2611,1
2613,2
2615,TRIV
2617,3
2619,2
2621,TRIV
2623,1
2625,TRIV
2627,TRIV
2629,2
2631,2
2633,TRIV
2635,TRIV
2637,1
2639,TRIV
2641,2
2643,3
2645,TRIV
2647,1
2649,1
2651,TRIV
2653,1
2655,TRIV
2657,TRIV
2659,3
2661,1
2663,TRIV
2665,TRIV
2667,1
2669,TRIV
2671,3
2673,1
2675,TRIV
2677,1
2679,1
2681,TRIV
2683,1
2685,TRIV
2687,TRIV
2689,1
2691,2
2693,TRIV
2695,TRIV
2697,1
2699,TRIV
2701,1
2703,1
2705,TRIV
2707,10
2709,1
2711,TRIV
2713,4
2715,TRIV
2717,TRIV
2719,1
2721,1
2723,TRIV
2725,TRIV
2727,3
2729,TRIV
2731,1
2733,2
2735,TRIV
2737,2
2739,1
2741,TRIV
2743,1
2745,TRIV
2747,TRIV
2749,79
2751,2
2753,TRIV
2755,TRIV
2757,1
2759,TRIV
2761,2
2763,4
2765,TRIV
2767,1
2769,3
2771,TRIV
2773,6
2775,TRIV
2777,TRIV
2779,1
2781,1
2783,TRIV
2785,TRIV
2787,1
2789,TRIV
2791,1
2793,1
2795,TRIV
2797,2
2799,4
2801,TRIV
2803,2
2805,TRIV
2807,TRIV
2809,1
2811,5
2813,TRIV
2815,TRIV
2817,2
2819,TRIV
2821,3
2823,1
2825,TRIV
2827,1
2829,4
2831,TRIV
2833,1
2835,TRIV
2837,TRIV
2839,2
2841,1
2843,TRIV
2845,TRIV
2847,1
2849,TRIV
2851,1
2853,2
2855,TRIV
2857,2
2859,5
2861,TRIV
2863,2
2865,TRIV
2867,TRIV
2869,1
2871,2
2873,TRIV
2875,TRIV
2877,1
2879,TRIV
2881,3
2883,86
2885,TRIV
2887,1
2889,3
2891,TRIV
2893,1
2895,TRIV
2897,TRIV
2899,1
2901,2
2903,TRIV
2905,TRIV
2907,1
2909,TRIV
2911,2
2913,5
2915,TRIV
2917,1
2919,2
2921,TRIV
2923,2
2925,TRIV
2927,TRIV
2929,1
2931,3
2933,TRIV
2935,TRIV
2937,2
2939,TRIV
2941,2
2943,1
2945,TRIV
2947,1
2949,2
2951,TRIV
2953,1
2955,TRIV
2957,TRIV
2959,1
2961,1
2963,TRIV
2965,TRIV
2967,2
2969,TRIV
2971,175608
2973,4
2975,TRIV
2977,10
2979,2
2981,TRIV
2983,2
2985,TRIV
2987,TRIV
2989,1
2991,1
2993,TRIV
2995,TRIV
2997,12
2999,TRIV
3001,1
3003,3
3005,TRIV
3007,3
3009,1
3011,TRIV
3013,1
3015,TRIV
3017,TRIV
3019,2
3021,2
3023,TRIV
3025,TRIV
3027,1
3029,TRIV
3031,1
3033,4
3035,TRIV
3037,2
3039,1
3041,TRIV
3043,4
3045,TRIV
3047,TRIV
3049,3
3051,1
3053,TRIV
3055,TRIV
3057,1
3059,TRIV
3061,12
3063,2
3065,TRIV
3067,2
3069,1
3071,TRIV
3073,1
3075,TRIV
3077,TRIV
3079,1
3081,2
3083,TRIV
3085,TRIV
3087,2
3089,TRIV
3091,2
3093,3
3095,TRIV
3097,6
3099,1
3101,TRIV
3103,2
3105,TRIV
3107,TRIV
3109,1
3111,1
3113,TRIV
3115,TRIV
3117,2
3119,TRIV
3121,2
3123,5
3125,TRIV
3127,1
3129,2
3131,TRIV
3133,3
3135,TRIV
3137,TRIV
3139,3
3141,5
3143,TRIV
3145,TRIV
3147,4
3149,TRIV
3151,2
3153,1
3155,TRIV
3157,1
3159,1
3161,TRIV
3163,4
3165,TRIV
3167,TRIV
3169,774
3171,1
3173,TRIV
3175,TRIV
3177,1
3179,TRIV
3181,1
3183,4
3185,TRIV
3187,4
3189,15
3191,TRIV
3193,1
3195,TRIV
3197,TRIV
3199,1
3201,2
3203,TRIV
3205,TRIV
3207,1
3209,TRIV
3211,1
3213,2
3215,TRIV
3217,3
3219,1
3221,TRIV
3223,2
3225,TRIV
3227,TRIV
3229,2
3231,2
3233,TRIV
3235,TRIV
3237,5
3239,TRIV
3241,1
3243,1
3245,TRIV
3247,1
3249,1
3251,TRIV
3253,3
3255,TRIV
3257,TRIV
3259,2
3261,1
3263,TRIV
3265,TRIV
3267,4
3269,TRIV
3271,2
3273,2
3275,TRIV
3277,7
3279,6
3281,TRIV
3283,3
3285,TRIV
3287,TRIV
3289,1
3291,1
3293,TRIV
3295,TRIV
3297,1
3299,TRIV
3301,8
3303,1
3305,TRIV
3307,2
3309,1
3311,TRIV
3313,1
3315,TRIV
3317,TRIV
3319,1
3321,1
3323,TRIV
3325,TRIV
3327,3
3329,TRIV
3331,4
3333,1
3335,TRIV
3337,1
3339,3
3341,TRIV
3343,41
3345,TRIV
3347,TRIV
3349,1
3351,1
3353,TRIV
3355,TRIV
3357,2
3359,TRIV
3361,1
3363,1
3365,TRIV
3367,2
3369,2
3371,TRIV
3373,3
3375,TRIV
3377,TRIV
3379,1
3381,1
3383,TRIV
3385,TRIV
3387,5
3389,TRIV
3391,2
3393,5
3395,TRIV
3397,1
3399,2
3401,TRIV
3403,1
3405,TRIV
3407,TRIV
3409,3
3411,2
3413,TRIV
3415,TRIV
3417,2
3419,TRIV
3421,3
3423,1
3425,TRIV
3427,2
3429,2
3431,TRIV
3433,2
3435,TRIV
3437,TRIV
3439,1
3441,2
3443,TRIV
3445,TRIV
3447,1
3449,TRIV
3451,1
3453,1
3455,TRIV
3457,1
3459,1
3461,TRIV
3463,3
3465,TRIV
3467,TRIV
3469,4
3471,2
3473,TRIV
3475,TRIV
3477,4
3479,TRIV
3481,1
3483,2
3485,TRIV
3487,4
3489,1
3491,TRIV
3493,2
3495,TRIV
3497,TRIV
3499,4
3501,1
3503,TRIV
3505,TRIV
3507,1
3509,TRIV
3511,5
3513,2
3515,TRIV
3517,1
3519,1
3521,TRIV
3523,1
3525,TRIV
3527,TRIV
3529,1
3531,1
3533,TRIV
3535,TRIV
3537,1
3539,TRIV
3541,7
3543,2
3545,TRIV
3547,1
3549,1
3551,TRIV
3553,4
3555,TRIV
3557,TRIV
3559,2
3561,1
3563,TRIV
3565,TRIV
3567,3
3569,TRIV
3571,1
3573,1
3575,TRIV
3577,2
3579,9
3581,TRIV
3583,1
3585,TRIV
3587,TRIV
3589,6
3591,2
3593,TRIV
3595,TRIV
3597,1
3599,TRIV
3601,2
3603,1
3605,TRIV
3607,1
3609,2
3611,TRIV
3613,1
3615,TRIV
3617,TRIV
3619,2
3621,1
3623,TRIV
3625,TRIV
3627,1
3629,TRIV
3631,6
3633,1
3635,TRIV
3637,3
3639,2
3641,TRIV
3643,3
3645,TRIV
3647,TRIV
3649,1
3651,3
3653,TRIV
3655,TRIV
3657,3
3659,TRIV
3661,1
3663,1
3665,TRIV
3667,1
3669,2
3671,TRIV
3673,3
3675,TRIV
3677,TRIV
3679,2
3681,1
3683,TRIV
3685,TRIV
3687,1
3689,TRIV
3691,1
3693,2
3695,TRIV
3697,2
3699,1
3701,TRIV
3703,2
3705,TRIV
3707,TRIV
3709,1
3711,4
3713,TRIV
3715,TRIV
3717,1
3719,TRIV
3721,2
3723,1
3725,TRIV
3727,258
3729,1
3731,TRIV
3733,2
3735,TRIV
3737,TRIV
3739,7
3741,6
3743,TRIV
3745,TRIV
3747,2
3749,TRIV
3751,1
3753,2
3755,TRIV
3757,1
3759,1
3761,TRIV
3763,2
3765,TRIV
3767,TRIV
3769,1
3771,6
3773,TRIV
3775,TRIV
3777,2
3779,TRIV
3781,2
3783,1
3785,TRIV
3787,1
3789,2
3791,TRIV
3793,1
3795,TRIV
3797,TRIV
3799,3
3801,3
3803,TRIV
3805,TRIV
3807,2
3809,TRIV
3811,1
3813,1
3815,TRIV
3817,2
3819,2
3821,TRIV
3823,1
3825,TRIV
3827,TRIV
3829,2
3831,2
3833,TRIV
3835,TRIV
3837,1
3839,TRIV
3841,1
3843,1
3845,TRIV
3847,2
3849,25
3851,TRIV
3853,1
3855,TRIV
3857,TRIV
3859,4
3861,3
3863,TRIV
3865,TRIV
3867,1
3869,TRIV
3871,1
3873,4
3875,TRIV
3877,3
3879,1
3881,TRIV
3883,4
3885,TRIV
3887,TRIV
3889,2
3891,7
3893,TRIV
3895,TRIV
3897,1
3899,TRIV
3901,1
3903,2
3905,TRIV
3907,1
3909,1
3911,TRIV
3913,1
3915,TRIV
3917,TRIV
3919,1
3921,1
3923,TRIV
3925,TRIV
3927,2
3929,TRIV
3931,3
3933,1
3935,TRIV
3937,1
3939,240
3941,TRIV
3943,3
3945,TRIV
3947,TRIV
3949,2
3951,2
3953,TRIV
3955,TRIV
3957,1
3959,TRIV
3961,20
3963,4
3965,TRIV
3967,3
3969,3
3971,TRIV
3973,2
3975,TRIV
3977,TRIV
3979,1
3981,5
3983,TRIV
3985,TRIV
3987,3
3989,TRIV
3991,1
3993,1
3995,TRIV
3997,1
3999,2
4001,TRIV
4003,1
4005,TRIV
4007,TRIV
4009,1
4011,1
4013,TRIV
4015,TRIV
4017,1
4019,TRIV
4021,3
4023,3
4025,TRIV
4027,2
4029,2
4031,TRIV
4033,2
4035,TRIV
4037,TRIV
4039,1
4041,1
4043,TRIV
4045,TRIV
4047,1
4049,TRIV
4051,3
4053,2
4055,TRIV
4057,2
4059,2
4061,TRIV
4063,1
4065,TRIV
4067,TRIV
4069,1
4071,4
4073,TRIV
4075,TRIV
4077,2
4079,TRIV
4081,1
4083,1
4085,TRIV
4087,3
4089,1
4091,TRIV
4093,412
4095,TRIV
4097,TRIV
4099,3
4101,1
4103,TRIV
4105,TRIV
4107,3
4109,TRIV
4111,2
4113,3
4115,TRIV
4117,1
4119,1
4121,TRIV
4123,1
4125,TRIV
4127,TRIV
4129,1
4131,2
4133,TRIV
4135,TRIV
4137,6
4139,TRIV
4141,2
4143,1
4145,TRIV
4147,1
4149,1
4151,TRIV
4153,2
4155,TRIV
4157,TRIV
4159,2
4161,2
4163,TRIV
4165,TRIV
4167,1
4169,TRIV
4171,2
4173,2
4175,TRIV
4177,4
4179,3
4181,TRIV
4183,2
4185,TRIV
4187,TRIV
4189,2
4191,1
4193,TRIV
4195,TRIV
4197,2
4199,TRIV
4201,1
4203,288
4205,TRIV
4207,1
4209,1
4211,TRIV
4213,25
4215,TRIV
4217,TRIV
4219,1
4221,1
4223,TRIV
4225,TRIV
4227,2
4229,TRIV
4231,1
4233,1
4235,TRIV
4237,2
4239,2
4241,TRIV
4243,1
4245,TRIV
4247,TRIV
4249,1
4251,1
4253,TRIV
4255,TRIV
4257,2
4259,TRIV
4261,1
4263,1
4265,TRIV
4267,11
4269,68
4271,TRIV
4273,1
4275,TRIV
4277,TRIV
4279,1
4281,3
4283,TRIV
4285,TRIV
4287,1
4289,TRIV
4291,2
4293,4
4295,TRIV
4297,2
4299,7
4301,TRIV
4303,3
4305,TRIV
4307,TRIV
4309,2
4311,5
4313,TRIV
4315,TRIV
4317,1
4319,TRIV
4321,2
4323,2
4325,TRIV
4327,1
4329,1
4331,TRIV
4333,3
4335,TRIV
4337,TRIV
4339,1
4341,2
4343,TRIV
4345,TRIV
4347,1
4349,TRIV
4351,2
4353,1
4355,TRIV
4357,2
4359,10
4361,TRIV
4363,1
4365,TRIV
4367,TRIV
4369,4
4371,6
4373,TRIV
4375,TRIV
4377,7
4379,TRIV
4381,1
4383,2
4385,TRIV
4387,1
4389,4
4391,TRIV
4393,2
4395,TRIV
4397,TRIV
4399,1
4401,4
4403,TRIV
4405,TRIV
4407,2
4409,TRIV
4411,1
4413,1
4415,TRIV
4417,2
4419,2
4421,TRIV
4423,2
4425,TRIV
4427,TRIV
4429,6
4431,1
4433,TRIV
4435,TRIV
4437,1
4439,TRIV
4441,1
4443,3
4445,TRIV
4447,1
4449,2
4451,TRIV
4453,1
4455,TRIV
4457,TRIV
4459,5
4461,2
4463,TRIV
4465,TRIV
4467,2
4469,TRIV
4471,1
4473,1
4475,TRIV
4477,3
4479,3
4481,TRIV
4483,1
4485,TRIV
4487,TRIV
4489,4
4491,2
4493,TRIV
4495,TRIV
4497,1
4499,TRIV
4501,3
4503,1
4505,TRIV
4507,1
4509,1
4511,TRIV
4513,1
4515,TRIV
4517,TRIV
4519,3
4521,2
4523,TRIV
4525,TRIV
4527,3
4529,TRIV
4531,3
4533,4
4535,TRIV
4537,1
4539,1
4541,TRIV
4543,2
4545,TRIV
4547,TRIV
4549,2
4551,1
4553,TRIV
4555,TRIV
4557,1
4559,TRIV
4561,4
4563,2
4565,TRIV
4567,6
4569,3
4571,TRIV
4573,1
4575,TRIV
4577,TRIV
4579,2
4581,1
4583,TRIV
4585,TRIV
4587,1
4589,TRIV
4591,2
4593,1
4595,TRIV
4597,5
4599,6
4601,TRIV
4603,2
4605,TRIV
4607,TRIV
4609,9
4611,1
4613,TRIV
4615,TRIV
4617,20
4619,TRIV
4621,2
4623,2
4625,TRIV
4627,1
4629,1
4631,TRIV
4633,1
4635,TRIV
4637,TRIV
4639,1
4641,1
4643,TRIV
4645,TRIV
4647,1
4649,TRIV
4651,2
4653,1
4655,TRIV
4657,3
4659,2
4661,TRIV
4663,1
4665,TRIV
4667,TRIV
4669,1
4671,6
4673,TRIV
4675,TRIV
4677,5
4679,TRIV
4681,1
4683,2
4685,TRIV
4687,2
4689,2
4691,TRIV
4693,1
4695,TRIV
4697,TRIV
4699,2
4701,2
4703,TRIV
4705,TRIV
4707,5
4709,TRIV
4711,1
4713,1
4715,TRIV
4717,2
4719,1
4721,TRIV
4723,1
4725,TRIV
4727,TRIV
4729,5
4731,2
4733,TRIV
4735,TRIV
4737,3
4739,TRIV
4741,1
4743,3
4745,TRIV
4747,4
4749,1
4751,TRIV
4753,4
4755,TRIV
4757,TRIV
4759,4
4761,2
4763,TRIV
4765,TRIV
4767,4
4769,TRIV
4771,2
4773,1
4775,TRIV
4777,1
4779,1
4781,TRIV
4783,1
4785,TRIV
4787,TRIV
4789,1
4791,1
4793,TRIV
4795,TRIV
4797,4
4799,TRIV
4801,3
4803,1
4805,TRIV
4807,1
4809,2
4811,TRIV
4813,3
4815,TRIV
4817,TRIV
4819,2
4821,1
4823,TRIV
4825,TRIV
4827,3
4829,TRIV
4831,2
4833,2
4835,TRIV
4837,2
4839,3
4841,TRIV
4843,2
4845,TRIV
4847,TRIV
4849,3
4851,1
4853,TRIV
4855,TRIV
4857,2
4859,TRIV
4861,1
4863,64
4865,TRIV
4867,1
4869,2
4871,TRIV
4873,2
4875,TRIV
4877,TRIV
4879,1
4881,3
4883,TRIV
4885,TRIV
4887,2
4889,TRIV
4891,4
4893,1
4895,TRIV
4897,3
4899,1
4901,TRIV
4903,2
4905,TRIV
4907,TRIV
4909,1
4911,2
4913,TRIV
4915,TRIV
4917,5
4919,TRIV
4921,1
4923,1
4925,TRIV
4927,1
4929,4
4931,TRIV
4933,1
4935,TRIV
4937,TRIV
4939,2
4941,1
4943,TRIV
4945,TRIV
4947,1
4949,TRIV
4951,2
4953,3
4955,TRIV
4957,1
4959,1
4961,TRIV
4963,1
4965,TRIV
4967,TRIV
4969,4
4971,5
4973,TRIV
4975,TRIV
4977,1
4979,TRIV
4981,2
4983,1
4985,TRIV
4987,2
4989,1
4991,TRIV
4993,1
4995,TRIV
4997,TRIV
4999,1
5001,1
5003,TRIV
5005,TRIV
5007,2
5009,TRIV
5011,1
5013,1
5015,TRIV
5017,4
5019,2
5021,TRIV
5023,5
5025,TRIV
5027,TRIV
5029,1
5031,4
5033,TRIV
5035,TRIV
5037,3
5039,TRIV
5041,1
5043,3
5045,TRIV
5047,2
5049,1
5051,TRIV
5053,2
5055,TRIV
5057,TRIV
5059,189
5061,4
5063,TRIV
5065,TRIV
5067,1
5069,TRIV
5071,1
5073,3
5075,TRIV
5077,1
5079,2
5081,TRIV
5083,4
5085,TRIV
5087,TRIV
5089,1
5091,1
5093,TRIV
5095,TRIV
5097,1
5099,TRIV
5101,3
5103,1
5105,TRIV
5107,4
5109,1
5111,TRIV
5113,3
5115,TRIV
5117,TRIV
5119,7
5121,3
5123,TRIV
5125,TRIV
5127,2
5129,TRIV
5131,2
5133,2
5135,TRIV
5137,1
5139,4
5141,TRIV
5143,1
5145,TRIV
5147,TRIV
5149,4
5151,3
5153,TRIV
5155,TRIV
5157,1
5159,TRIV
5161,1
5163,3
5165,TRIV
5167,5
5169,1
5171,TRIV
5173,2
5175,TRIV
5177,TRIV
5179,1
5181,2
5183,TRIV
5185,TRIV
5187,1
5189,TRIV
5191,165
5193,4
5195,TRIV
5197,2
5199,1
5201,TRIV
5203,2
5205,TRIV
5207,TRIV
5209,2
5211,3
5213,TRIV
5215,TRIV
5217,1
5219,TRIV
5221,1
5223,1
5225,TRIV
5227,1
5229,3
5231,TRIV
5233,2
5235,TRIV
5237,TRIV
5239,5
5241,4
5243,TRIV
5245,TRIV
5247,2
5249,TRIV
5251,1
5253,5
5255,TRIV
5257,3
5259,4
5261,TRIV
5263,1
5265,TRIV
5267,TRIV
5269,1
5271,1
5273,TRIV
5275,TRIV
5277,3
5279,TRIV
5281,2
5283,10
5285,TRIV
5287,1
5289,4
5291,TRIV
5293,1
5295,TRIV
5297,TRIV
5299,1
5301,3
5303,TRIV
5305,TRIV
5307,2
5309,TRIV
5311,3
5313,1
5315,TRIV
5317,2
5319,2
5321,TRIV
5323,1
5325,TRIV
5327,TRIV
5329,3
5331,2
5333,TRIV
5335,TRIV
5337,1
5339,TRIV
5341,1
5343,2
5345,TRIV
5347,10
5349,2
5351,TRIV
5353,3
5355,TRIV
5357,TRIV
5359,3
5361,3
5363,TRIV
5365,TRIV
5367,3
5369,TRIV
5371,1
5373,3
5375,TRIV
5377,1
5379,2
5381,TRIV
5383,1
5385,TRIV
5387,TRIV
5389,1
5391,4
5393,TRIV
5395,TRIV
5397,1
5399,TRIV
5401,2
5403,1
5405,TRIV
5407,1
5409,1
5411,TRIV
5413,4
5415,TRIV
5417,TRIV
5419,2
5421,1
5423,TRIV
5425,TRIV
5427,1
5429,TRIV
5431,1
5433,1
5435,TRIV
5437,5
5439,1
5441,TRIV
5443,4
5445,TRIV
5447,TRIV
5449,3
5451,3
5453,TRIV
5455,TRIV
5457,2
5459,TRIV
5461,1
5463,2
5465,TRIV
5467,1
5469,1
5471,TRIV
5473,1
5475,TRIV
5477,TRIV
5479,10
5481,2
5483,TRIV
5485,TRIV
5487,7
5489,TRIV
5491,1
5493,1
5495,TRIV
5497,1
5499,5
5501,TRIV
5503,5
5505,TRIV
5507,TRIV
5509,1
5511,1
5513,TRIV
5515,TRIV
5517,1
5519,TRIV
5521,1
5523,2
5525,TRIV
5527,4
5529,3
5531,TRIV
5533,5
5535,TRIV
5537,TRIV
5539,2
5541,2
5543,TRIV
5545,TRIV
5547,1
5549,TRIV
5551,2
5553,1
5555,TRIV
5557,2
5559,1
5561,TRIV
5563,1
5565,TRIV
5567,TRIV
5569,2
5571,1
5573,TRIV
5575,TRIV
5577,3
5579,TRIV
5581,1
5583,2
5585,TRIV
5587,55
5589,2
5591,TRIV
5593,2
5595,TRIV
5597,TRIV
5599,3
5601,2
5603,TRIV
5605,TRIV
5607,3
5609,TRIV
5611,2
5613,1
5615,TRIV
5617,2
5619,3
5621,TRIV
5623,7
5625,TRIV
5627,TRIV
5629,1
5631,1
5633,TRIV
5635,TRIV
5637,1
5639,TRIV
5641,1
5643,1
5645,TRIV
5647,1
5649,1
5651,TRIV
5653,3
5655,TRIV
5657,TRIV
5659,1
5661,3
5663,TRIV
5665,TRIV
5667,4
5669,TRIV
5671,4
5673,1
5675,TRIV
5677,6
5679,1
5681,TRIV
5683,1
5685,TRIV
5687,TRIV
5689,3
5691,1
5693,TRIV
5695,TRIV
5697,53
5699,TRIV
5701,1
5703,3
5705,TRIV
5707,1
5709,3
5711,TRIV
5713,2
5715,TRIV
5717,TRIV
5719,3
5721,2
5723,TRIV
5725,TRIV
5727,1
5729,TRIV
5731,1
5733,1
5735,TRIV
5737,3
5739,1
5741,TRIV
5743,2
5745,TRIV
5747,TRIV
5749,2
5751,2
5753,TRIV
5755,TRIV
5757,2
5759,TRIV
5761,2
5763,3
5765,TRIV
5767,2
5769,1
5771,TRIV
5773,1
5775,TRIV
5777,TRIV
5779,2
5781,1
5783,TRIV
5785,TRIV
5787,4
5789,TRIV
5791,1
5793,3
5795,TRIV
5797,1
5799,11
5801,TRIV
5803,1
5805,TRIV
5807,TRIV
5809,4
5811,1
5813,TRIV
5815,TRIV
5817,1
5819,TRIV
5821,6
5823,2
5825,TRIV
5827,2
5829,1
5831,TRIV
5833,1
5835,TRIV
5837,TRIV
5839,1
5841,1
5843,TRIV
5845,TRIV
5847,1
5849,TRIV
5851,1
5853,2
5855,TRIV
5857,1
5859,1
5861,TRIV
5863,3
5865,TRIV
5867,TRIV
5869,1
5871,1
5873,TRIV
5875,TRIV
5877,4
5879,TRIV
5881,2
5883,3
5885,TRIV
5887,1
5889,4
5891,TRIV
5893,1
5895,TRIV
5897,TRIV
5899,3
5901,4
5903,TRIV
5905,TRIV
5907,2
5909,TRIV
5911,2
5913,1
5915,TRIV
5917,1
5919,4
5921,TRIV
5923,4
5925,TRIV
5927,TRIV
5929,1
5931,6
5933,TRIV
5935,TRIV
5937,2
5939,TRIV
5941,72
5943,1
5945,TRIV
5947,2
5949,3
5951,TRIV
5953,2
5955,TRIV
5957,TRIV
5959,3
5961,3
5963,TRIV
5965,TRIV
5967,2
5969,TRIV
5971,1
5973,2
5975,TRIV
5977,1
5979,2
5981,TRIV
5983,3
5985,TRIV
5987,TRIV
5989,2
5991,2
5993,TRIV
5995,TRIV
5997,1
5999,TRIV
6001,1
6003,6
6005,TRIV
6007,4
6009,21
6011,TRIV
6013,2
6015,TRIV
6017,TRIV
6019,1
6021,2
6023,TRIV
6025,TRIV
6027,1
6029,TRIV
6031,2
6033,1
6035,TRIV
6037,1
6039,3
6041,TRIV
6043,1
6045,TRIV
6047,TRIV
6049,13
6051,2
6053,TRIV
6055,TRIV
6057,1
6059,TRIV
6061,4
6063,1
6065,TRIV
6067,4
6069,1
6071,TRIV
6073,2
6075,TRIV
6077,TRIV
6079,1
6081,1
6083,TRIV
6085,TRIV
6087,4
6089,TRIV
6091,1
6093,9
6095,TRIV
6097,2
6099,2
6101,TRIV
6103,1
6105,TRIV
6107,TRIV
6109,3
6111,1
6113,TRIV
6115,TRIV
6117,2
6119,TRIV
6121,1
6123,1
6125,TRIV
6127,3
6129,2
6131,TRIV
6133,1
6135,TRIV
6137,TRIV
6139,4
6141,1
6143,TRIV
6145,TRIV
6147,2
6149,TRIV
6151,3
6153,1
6155,TRIV
6157,2
6159,3
6161,TRIV
6163,1
6165,TRIV
6167,TRIV
6169,2
6171,2
6173,TRIV
6175,TRIV
6177,2
6179,TRIV
6181,5
6183,4
6185,TRIV
6187,1
6189,1
6191,TRIV
6193,1
6195,TRIV
6197,TRIV
6199,2
6201,1
6203,TRIV
6205,TRIV
6207,1
6209,TRIV
6211,1
6213,3
6215,TRIV
6217,2
6219,1
6221,TRIV
6223,2
6225,TRIV
6227,TRIV
6229,2
6231,4
6233,TRIV
6235,TRIV
6237,1
6239,TRIV
6241,6
6243,2
6245,TRIV
6247,1
6249,4
6251,TRIV
6253,1
6255,TRIV
6257,TRIV
6259,1
6261,1
6263,TRIV
6265,TRIV
6267,1
6269,TRIV
6271,38
6273,2
6275,TRIV
6277,1
6279,2
6281,TRIV
6283,3
6285,TRIV
6287,TRIV
6289,1
6291,1
6293,TRIV
6295,TRIV
6297,2
6299,TRIV
6301,1
6303,5
6305,TRIV
6307,1
6309,3
6311,TRIV
6313,1
6315,TRIV
6317,TRIV
6319,1
6321,2
6323,TRIV
6325,TRIV
6327,1
6329,TRIV
6331,3
6333,1
6335,TRIV
6337,6
6339,4
6341,TRIV
6343,1
6345,TRIV
6347,TRIV
6349,1
6351,1
6353,TRIV
6355,TRIV
6357,1
6359,TRIV
6361,4
6363,1
6365,TRIV
6367,5
6369,1
6371,TRIV
6373,2
6375,TRIV
6377,TRIV
6379,1
6381,2
6383,TRIV
6385,TRIV
6387,1
6389,TRIV
6391,2
6393,3
6395,TRIV
6397,5
6399,11
6401,TRIV
6403,12
6405,TRIV
6407,TRIV
6409,11
6411,1
6413,TRIV
6415,TRIV
6417,1
6419,TRIV
6421,2
6423,REM
6425,TRIV
6427,4
6429,2
6431,TRIV
6433,3
6435,TRIV
6437,TRIV
6439,1
6441,1
6443,TRIV
6445,TRIV
6447,2
6449,TRIV
6451,2
6453,2
6455,TRIV
6457,3
6459,1
6461,TRIV
6463,1
6465,TRIV
6467,TRIV
6469,2
6471,1
6473,TRIV
6475,TRIV
6477,2
6479,TRIV
6481,1
6483,8
6485,TRIV
6487,3
6489,3
6491,TRIV
6493,4
6495,TRIV
6497,TRIV
6499,2
6501,5
6503,TRIV
6505,TRIV
6507,2
6509,TRIV
6511,1
6513,6
6515,TRIV
6517,3
6519,1
6521,TRIV
6523,3
6525,TRIV
6527,TRIV
6529,3
6531,5
6533,TRIV
6535,TRIV
6537,1
6539,TRIV
6541,1
6543,1
6545,TRIV
6547,3
6549,3
6551,TRIV
6553,1
6555,TRIV
6557,TRIV
6559,1
6561,1
6563,TRIV
6565,TRIV
6567,1
6569,TRIV
6571,1
6573,2
6575,TRIV
6577,3
6579,2
6581,TRIV
6583,3
6585,TRIV
6587,TRIV
6589,1
6591,2
6593,TRIV
6595,TRIV
6597,1
6599,TRIV
6601,2
6603,2
6605,TRIV
6607,3
6609,1
6611,TRIV
6613,6
6615,TRIV
6617,TRIV
6619,2
6621,3
6623,TRIV
6625,TRIV
6627,1
6629,TRIV
6631,4
6633,2
6635,TRIV
6637,2
6639,3
6641,TRIV
6643,1
6645,TRIV
6647,TRIV
6649,1
6651,1
6653,TRIV
6655,TRIV
6657,4
6659,TRIV
6661,2
6663,1
6665,TRIV
6667,24
6669,1
6671,TRIV
6673,3
6675,TRIV
6677,TRIV
6679,1
6681,1
6683,TRIV
6685,TRIV
6687,3
6689,TRIV
6691,1
6693,1
6695,TRIV
6697,9
6699,1
6701,TRIV
6703,2
6705,TRIV
6707,TRIV
6709,1
6711,6
6713,TRIV
6715,TRIV
6717,3
6719,TRIV
6721,5
6723,1
6725,TRIV
6727,1
6729,2
6731,TRIV
6733,2
6735,TRIV
6737,TRIV
6739,5
6741,2
6743,TRIV
6745,TRIV
6747,4
6749,TRIV
6751,1
6753,1
6755,TRIV
6757,2
6759,3
6761,TRIV
6763,2
6765,TRIV
6767,TRIV
6769,1
6771,1
6773,TRIV
6775,TRIV
6777,10
6779,TRIV
6781,1
6783,1
6785,TRIV
6787,4
6789,3
6791,TRIV
6793,1
6795,TRIV
6797,TRIV
6799,2
6801,5
6803,TRIV
6805,TRIV
6807,2
6809,TRIV
6811,2
6813,1
6815,TRIV
6817,1
6819,1
6821,TRIV
6823,1
6825,TRIV
6827,TRIV
6829,3
6831,1
6833,TRIV
6835,TRIV
6837,9
6839,TRIV
6841,3
6843,4
6845,TRIV
6847,1
6849,2
6851,TRIV
6853,1
6855,TRIV
6857,TRIV
6859,1
6861,1
6863,TRIV
6865,TRIV
6867,2
6869,TRIV
6871,2
6873,1
6875,TRIV
6877,2
6879,3
6881,TRIV
6883,2
6885,TRIV
6887,TRIV
6889,1
6891,2
6893,TRIV
6895,TRIV
6897,1
6899,TRIV
6901,1
6903,4
6905,TRIV
6907,1
6909,78
6911,TRIV
6913,2
6915,TRIV
6917,TRIV
6919,2
6921,4
6923,TRIV
6925,TRIV
6927,2
6929,TRIV
6931,4
6933,3
6935,TRIV
6937,1
6939,1
6941,TRIV
6943,2
6945,TRIV
6947,TRIV
6949,1
6951,1
6953,TRIV
6955,TRIV
6957,1
6959,TRIV
6961,1
6963,3
6965,TRIV
6967,1
6969,2
6971,TRIV
6973,1
6975,TRIV
6977,TRIV
6979,2
6981,1
6983,TRIV
6985,TRIV
6987,1
6989,TRIV
6991,1
6993,3
6995,TRIV
6997,10
6999,31
7001,TRIV
7003,1
7005,TRIV
7007,TRIV
7009,1
7011,3
7013,TRIV
7015,TRIV
7017,1
7019,TRIV
7021,2
7023,6
7025,TRIV
7027,2
7029,1
7031,TRIV
7033,1
7035,TRIV
7037,TRIV
7039,3
7041,4
7043,TRIV
7045,TRIV
7047,1
7049,TRIV
7051,2
7053,3
7055,TRIV
7057,5
7059,1
7061,TRIV
7063,18
7065,TRIV
7067,TRIV
7069,1
7071,5
7073,TRIV
7075,TRIV
7077,2
7079,TRIV
7081,3
7083,7
7085,TRIV
7087,2
7089,3
7091,TRIV
7093,1
7095,TRIV
7097,TRIV
7099,1
7101,3
7103,TRIV
7105,TRIV
7107,2
7109,TRIV
7111,1
7113,2
7115,TRIV
7117,1
7119,1
7121,TRIV
7123,3
7125,TRIV
7127,TRIV
7129,2
7131,2499
7133,TRIV
7135,TRIV
7137,2
7139,TRIV
7141,1
7143,2
7145,TRIV
7147,2
7149,1
7151,TRIV
7153,2
7155,TRIV
7157,TRIV
7159,4
7161,3
7163,TRIV
7165,TRIV
7167,1
7169,TRIV
7171,3
7173,6
7175,TRIV
7177,1
7179,3
7181,TRIV
7183,1
7185,TRIV
7187,TRIV
7189,4
7191,3
7193,TRIV
7195,TRIV
7197,1
7199,TRIV
7201,1
7203,1
7205,TRIV
7207,2
7209,1
7211,TRIV
7213,8
7215,TRIV
7217,TRIV
7219,1
7221,2
7223,TRIV
7225,TRIV
7227,1
7229,TRIV
7231,2
7233,1
7235,TRIV
7237,1
7239,4
7241,TRIV
7243,1
7245,TRIV
7247,TRIV
7249,2
7251,2
7253,TRIV
7255,TRIV
7257,4
7259,TRIV
7261,30
7263,3
7265,TRIV
7267,7
7269,2
7271,TRIV
7273,1
7275,TRIV
7277,TRIV
7279,5
7281,17
7283,TRIV
7285,TRIV
7287,1
7289,TRIV
7291,3
7293,2
7295,TRIV
7297,1
7299,1
7301,TRIV
7303,7
7305,TRIV
7307,TRIV
7309,5
7311,1
7313,TRIV
7315,TRIV
7317,2
7319,TRIV
7321,1
7323,1
7325,TRIV
7327,4
7329,3
7331,TRIV
7333,2
7335,TRIV
7337,TRIV
7339,1
7341,1
7343,TRIV
7345,TRIV
7347,5
7349,TRIV
7351,2
7353,3
7355,TRIV
7357,2
7359,1
7361,TRIV
7363,3
7365,TRIV
7367,TRIV
7369,3
7371,10
7373,TRIV
7375,TRIV
7377,2
7379,TRIV
7381,2
7383,1
7385,TRIV
7387,2
7389,2
7391,TRIV
7393,4
7395,TRIV
7397,TRIV
7399,2
7401,1
7403,TRIV
7405,TRIV
7407,1
7409,TRIV
7411,124
7413,11
7415,TRIV
7417,2
7419,3
7421,TRIV
7423,1
7425,TRIV
7427,TRIV
7429,2
7431,3
7433,TRIV
7435,TRIV
7437,2
7439,TRIV
7441,1
7443,3
7445,TRIV
7447,1
7449,1
7451,TRIV
7453,5
7455,TRIV
7457,TRIV
7459,2
7461,2
7463,TRIV
7465,TRIV
7467,1
7469,TRIV
7471,1
7473,2
7475,TRIV
7477,1
7479,1
7481,TRIV
7483,2
7485,TRIV
7487,TRIV
7489,1
7491,2
7493,TRIV
7495,TRIV
7497,1
7499,TRIV
7501,3
7503,2
7505,TRIV
7507,1
7509,4
7511,TRIV
7513,1
7515,TRIV
7517,TRIV
7519,1
7521,2
7523,TRIV
7525,TRIV
7527,1
7529,TRIV
7531,1
7533,7
7535,TRIV
7537,1
7539,1
7541,TRIV
7543,2
7545,TRIV
7547,TRIV
7549,1
7551,1
7553,TRIV
7555,TRIV
7557,6
7559,TRIV
7561,7
7563,1
7565,TRIV
7567,1
7569,2
7571,TRIV
7573,1
7575,TRIV
7577,TRIV
7579,1
7581,1
7583,TRIV
7585,TRIV
7587,2
7589,TRIV
7591,2
7593,1
7595,TRIV
7597,1
7599,2
7601,TRIV
7603,2
7605,TRIV
7607,TRIV
7609,3
7611,1
7613,TRIV
7615,TRIV
7617,2
7619,TRIV
7621,5
7623,2
7625,TRIV
7627,2
7629,1
7631,TRIV
7633,1
7635,TRIV
7637,TRIV
7639,1
7641,2
7643,TRIV
7645,TRIV
7647,3
7649,TRIV
7651,6
7653,2
7655,TRIV
7657,2
7659,1
7661,TRIV
7663,1
7665,TRIV
7667,TRIV
7669,3
7671,1
7673,TRIV
7675,TRIV
7677,1
7679,TRIV
7681,1
7683,4
7685,TRIV
7687,5
7689,1
7691,TRIV
7693,1
7695,TRIV
7697,TRIV
7699,3
7701,6
7703,TRIV
7705,TRIV
7707,1
7709,TRIV
7711,6
7713,1
7715,TRIV
7717,1
7719,3
7721,TRIV
7723,2
7725,TRIV
7727,TRIV
7729,2
7731,1
7733,TRIV
7735,TRIV
7737,3
7739,TRIV
7741,2
7743,1
7745,TRIV
7747,1
7749,1
7751,TRIV
7753,2
7755,TRIV
7757,TRIV
7759,6
7761,3
7763,TRIV
7765,TRIV
7767,2
7769,TRIV
7771,6
7773,2
7775,TRIV
7777,2
7779,1
7781,TRIV
7783,1
7785,TRIV
7787,TRIV
7789,4
7791,4
7793,TRIV
7795,TRIV
7797,8
7799,TRIV
7801,2
7803,3
7805,TRIV
7807,1
7809,939
7811,TRIV
7813,1
7815,TRIV
7817,TRIV
7819,1
7821,3
7823,TRIV
7825,TRIV
7827,2
7829,TRIV
7831,1
7833,2
7835,TRIV
7837,2
7839,3
7841,TRIV
7843,1
7845,TRIV
7847,TRIV
7849,2
7851,2
7853,TRIV
7855,TRIV
7857,1
7859,TRIV
7861,3
7863,1
7865,TRIV
7867,1
7869,1
7871,TRIV
7873,1
7875,TRIV
7877,TRIV
7879,8
7881,4
7883,TRIV
7885,TRIV
7887,3
7889,TRIV
7891,1
7893,2
7895,TRIV
7897,1
7899,60
7901,TRIV
7903,4
7905,TRIV
7907,TRIV
7909,1
7911,2
7913,TRIV
7915,TRIV
7917,1
7919,TRIV
7921,4
7923,1
7925,TRIV
7927,1
7929,3
7931,TRIV
7933,3
7935,TRIV
7937,TRIV
7939,1
7941,1
7943,TRIV
7945,TRIV
7947,13
7949,TRIV
7951,3
7953,1
7955,TRIV
7957,4
7959,2
7961,TRIV
7963,3
7965,TRIV
7967,TRIV
7969,2
7971,3
7973,TRIV
7975,TRIV
7977,4
7979,TRIV
7981,2
7983,1
7985,TRIV
7987,2
7989,2
7991,TRIV
7993,2
7995,TRIV
7997,TRIV
7999,1
8001,1
8003,TRIV
8005,TRIV
8007,1
8009,TRIV
8011,2
8013,3
8015,TRIV
8017,2
8019,12
8021,TRIV
8023,2
8025,TRIV
8027,TRIV
8029,1
8031,6
8033,TRIV
8035,TRIV
8037,5
8039,TRIV
8041,3
8043,1
8045,TRIV
8047,2
8049,1
8051,TRIV
8053,14
8055,TRIV
8057,TRIV
8059,1
8061,2
8063,TRIV
8065,TRIV
8067,2
8069,TRIV
8071,1
8073,7
8075,TRIV
8077,1
8079,1
8081,TRIV
8083,1
8085,TRIV
8087,TRIV
8089,4
8091,1
8093,TRIV
8095,TRIV
8097,4
8099,TRIV
8101,1
8103,3
8105,TRIV
8107,1
8109,2
8111,TRIV
8113,1
8115,TRIV
8117,TRIV
8119,2
8121,2
8123,TRIV
8125,TRIV
8127,3
8129,TRIV
8131,2
8133,2
8135,TRIV
8137,1
8139,5
8141,TRIV
8143,2
8145,TRIV
8147,TRIV
8149,4
8151,1
8153,TRIV
8155,TRIV
8157,1
8159,TRIV
8161,1
8163,2
8165,TRIV
8167,53
8169,1
8171,TRIV
8173,2
8175,TRIV
8177,TRIV
8179,5
8181,1
8183,TRIV
8185,TRIV
8187,2
8189,TRIV
8191,2
8193,2
8195,TRIV
8197,2
8199,1
8201,TRIV
8203,3
8205,TRIV
8207,TRIV
8209,1
8211,1
8213,TRIV
8215,TRIV
8217,2
8219,TRIV
8221,1
8223,1
8225,TRIV
8227,1
8229,2
8231,TRIV
8233,1
8235,TRIV
8237,TRIV
8239,3
8241,3
8243,TRIV
8245,TRIV
8247,5
8249,TRIV
8251,4
8253,1
8255,TRIV
8257,3
8259,1
8261,TRIV
8263,1
8265,TRIV
8267,TRIV
8269,2
8271,5
8273,TRIV
8275,TRIV
8277,1
8279,TRIV
8281,1
8283,1
8285,TRIV
8287,1
8289,2
8291,TRIV
8293,3
8295,TRIV
8297,TRIV
8299,18
8301,1
8303,TRIV
8305,TRIV
8307,1
8309,TRIV
8311,3
8313,4
8315,TRIV
8317,6
8319,1
8321,TRIV
8323,2
8325,TRIV
8327,TRIV
8329,2
8331,2
8333,TRIV
8335,TRIV
8337,3
8339,TRIV
8341,3
8343,1
8345,TRIV
8347,2
8349,3
8351,TRIV
8353,1
8355,TRIV
8357,TRIV
8359,1
8361,2
8363,TRIV
8365,TRIV
8367,1
8369,TRIV
8371,3
8373,6
8375,TRIV
8377,1
8379,1
8381,TRIV
8383,148
8385,TRIV
8387,TRIV
8389,29
8391,3
8393,TRIV
8395,TRIV
8397,3
8399,TRIV
8401,2
8403,3
8405,TRIV
8407,6
8409,1
8411,TRIV
8413,1
8415,TRIV
8417,TRIV
8419,1
8421,1
8423,TRIV
8425,TRIV
8427,2
8429,TRIV
8431,3
8433,1
8435,TRIV
8437,1
8439,2
8441,TRIV
8443,2
8445,TRIV
8447,TRIV
8449,64
8451,1
8453,TRIV
8455,TRIV
8457,1
8459,TRIV
8461,3
8463,2
8465,TRIV
8467,3
8469,11
8471,TRIV
8473,2
8475,TRIV
8477,TRIV
8479,3
8481,2
8483,TRIV
8485,TRIV
8487,7
8489,TRIV
8491,1
8493,4
8495,TRIV
8497,2
8499,2
8501,TRIV
8503,1
8505,TRIV
8507,TRIV
8509,2
8511,1
8513,TRIV
8515,TRIV
8517,1
8519,TRIV
8521,3
8523,2
8525,TRIV
8527,1
8529,1
8531,TRIV
8533,1
8535,TRIV
8537,TRIV
8539,3
8541,2
8543,TRIV
8545,TRIV
8547,2
8549,TRIV
8551,3
8553,1
8555,TRIV
8557,5
8559,10
8561,TRIV
8563,1
8565,TRIV
8567,TRIV
8569,2
8571,1
8573,TRIV
8575,TRIV
8577,2
8579,TRIV
8581,2
8583,4
8585,TRIV
8587,1
8589,1
8591,TRIV
8593,2
8595,TRIV
8597,TRIV
8599,1
8601,3
8603,TRIV
8605,TRIV
8607,2
8609,TRIV
8611,6
8613,1
8615,TRIV
8617,1
8619,1
8621,TRIV
8623,3
8625,TRIV
8627,TRIV
8629,3
8631,1
8633,TRIV
8635,TRIV
8637,1
8639,TRIV
8641,2
8643,3
8645,TRIV
8647,2
8649,3
8651,TRIV
8653,1
8655,TRIV
8657,TRIV
8659,1
8661,2
8663,TRIV
8665,TRIV
8667,1
8669,TRIV
8671,1
8673,8
8675,TRIV
8677,3
8679,1
8681,TRIV
8683,1
8685,TRIV
8687,TRIV
8689,1
8691,4
8693,TRIV
8695,TRIV
8697,1
8699,TRIV
8701,4
8703,1
8705,TRIV
8707,2
8709,1
8711,TRIV
8713,4
8715,TRIV
8717,TRIV
8719,2
8721,1
8723,TRIV
8725,TRIV
8727,1
8729,TRIV
8731,1
8733,3
8735,TRIV
8737,1
8739,2
8741,TRIV
8743,1
8745,TRIV
8747,TRIV
8749,2
8751,1
8753,TRIV
8755,TRIV
8757,4
8759,TRIV
8761,2
8763,2
8765,TRIV
8767,2
8769,1
8771,TRIV
8773,1
8775,TRIV
8777,TRIV
8779,6
8781,3
8783,TRIV
8785,TRIV
8787,2
8789,TRIV
8791,3
8793,1
8795,TRIV
8797,1
8799,5
8801,TRIV
8803,3
8805,TRIV
8807,TRIV
8809,1
8811,1
8813,TRIV
8815,TRIV
8817,3
8819,TRIV
8821,1
8823,2
8825,TRIV
8827,1
8829,1
8831,TRIV
8833,2
8835,TRIV
8837,TRIV
8839,1
8841,2
8843,TRIV
8845,TRIV
8847,7
8849,TRIV
8851,1
8853,1
8855,TRIV
8857,1
8859,3
8861,TRIV
8863,2
8865,TRIV
8867,TRIV
8869,2
8871,2
8873,TRIV
8875,TRIV
8877,1
8879,TRIV
8881,5
8883,1
8885,TRIV
8887,3
8889,8
8891,TRIV
8893,5
8895,TRIV
8897,TRIV
8899,2
8901,2
8903,TRIV
8905,TRIV
8907,2
8909,TRIV
8911,2
8913,1
8915,TRIV
8917,4
8919,1
8921,TRIV
8923,1
8925,TRIV
8927,TRIV
8929,2
8931,1
8933,TRIV
8935,TRIV
8937,6
8939,TRIV
8941,1
8943,2
8945,TRIV
8947,4
8949,2
8951,TRIV
8953,1
8955,TRIV
8957,TRIV
8959,1
8961,1
8963,TRIV
8965,TRIV
8967,2
8969,TRIV
8971,5
8973,3
8975,TRIV
8977,14
8979,4
8981,TRIV
8983,6
8985,TRIV
8987,TRIV
8989,1
8991,1
8993,TRIV
8995,TRIV
8997,1
8999,TRIV
9001,1
9003,1
9005,TRIV
9007,3
9009,2
9011,TRIV
9013,4
9015,TRIV
9017,TRIV
9019,1
9021,10
9023,TRIV
9025,TRIV
9027,2
9029,TRIV
9031,1
9033,1
9035,TRIV
9037,2
9039,1
9041,TRIV
9043,8
9045,TRIV
9047,TRIV
9049,1
9051,2
9053,TRIV
9055,TRIV
9057,1
9059,TRIV
9061,2
9063,5
9065,TRIV
9067,3
9069,3
9071,TRIV
9073,2
9075,TRIV
9077,TRIV
9079,3
9081,1
9083,TRIV
9085,TRIV
9087,2
9089,TRIV
9091,3
9093,1
9095,TRIV
9097,5
9099,1
9101,TRIV
9103,2
9105,TRIV
9107,TRIV
9109,2
9111,3
9113,TRIV
9115,TRIV
9117,1
9119,TRIV
9121,2
9123,1
9125,TRIV
9127,1
9129,47
9131,TRIV
9133,3
9135,TRIV
9137,TRIV
9139,2
9141,1
9143,TRIV
9145,TRIV
9147,1
9149,TRIV
9151,1
9153,6
9155,TRIV
9157,2
9159,3
9161,TRIV
9163,1
9165,TRIV
9167,TRIV
9169,3
9171,1
9173,TRIV
9175,TRIV
9177,1
9179,TRIV
9181,2
9183,2
9185,TRIV
9187,21
9189,1
9191,TRIV
9193,1
9195,TRIV
9197,TRIV
9199,1
9201,5
9203,TRIV
9205,TRIV
9207,4
9209,TRIV
9211,1
9213,4
9215,TRIV
9217,1
9219,2
9221,TRIV
9223,2
9225,TRIV
9227,TRIV
9229,1
9231,1
9233,TRIV
9235,TRIV
9237,2
9239,TRIV
9241,2
9243,2
9245,TRIV
9247,1
9249,2
9251,TRIV
9253,3
9255,TRIV
9257,TRIV
9259,3
9261,103
9263,TRIV
9265,TRIV
9267,1
9269,TRIV
9271,1
9273,1
9275,TRIV
9277,2
9279,5
9281,TRIV
9283,1
9285,TRIV
9287,TRIV
9289,3
9291,2
9293,TRIV
9295,TRIV
9297,2
9299,TRIV
9301,1
9303,2
9305,TRIV
9307,26
9309,1
9311,TRIV
9313,1
9315,TRIV
9317,TRIV
9319,2
9321,2
9323,TRIV
9325,TRIV
9327,1
9329,TRIV
9331,1
9333,1
9335,TRIV
9337,2
9339,1
9341,TRIV
9343,3
9345,TRIV
9347,TRIV

9349,11
