2,2
4,2
6,TRIV
8,3
10,3
12,TRIV
14,3
16,3
18,TRIV
20,3
22,3
24,TRIV
26,7
28,4
30,TRIV
32,5
34,4
36,TRIV
38,4
40,4
42,TRIV
44,4
46,5
48,TRIV
50,4
52,4
54,TRIV
56,6
58,4
60,TRIV
62,4
64,4
66,TRIV
68,4
70,4
72,TRIV
74,4
76,4
78,TRIV
80,5
82,6
84,TRIV
86,5
88,6
90,TRIV
92,5
94,5
96,TRIV
98,6
100,7
102,TRIV
104,5
106,5
108,TRIV
110,6
112,5
114,TRIV
116,5
118,7
120,TRIV
122,6
124,7
126,TRIV
128,6
130,5
132,TRIV
134,5
136,5
138,TRIV
140,5
142,5
144,TRIV
146,5
148,7
150,TRIV
152,6
154,5
156,TRIV
158,6
160,5
162,TRIV
164,5
166,6
168,TRIV
170,5
172,5
174,TRIV
176,5
178,12
180,TRIV
182,5
184,5
186,TRIV
188,6
190,5
192,TRIV
194,7
196,5
198,TRIV
200,5
202,5
204,TRIV
206,5
208,6
210,TRIV
212,5
214,5
216,TRIV
218,8
220,5
222,TRIV
224,5
226,5
228,TRIV
230,5
232,5
234,TRIV
236,5
238,5
240,TRIV
242,6
244,8
246,TRIV
248,11
250,6
252,TRIV
254,7
256,7
258,TRIV
260,8
262,6
264,TRIV
266,6
268,6
270,TRIV
272,6
274,7
276,TRIV
278,10
280,6
282,TRIV
284,8
286,6
288,TRIV
290,6
292,8
294,TRIV
296,6
298,6
300,TRIV
302,9
304,8
306,TRIV
308,6
310,6
312,TRIV
314,7
316,7
318,TRIV
320,6
322,10
324,TRIV
326,7
328,6
330,TRIV
332,6
334,28
336,TRIV
338,10
340,6
342,TRIV
344,8
346,6
348,TRIV
350,6
352,17
354,TRIV
356,6
358,8
360,TRIV
362,6
364,7
366,TRIV
368,11
370,6
372,TRIV
374,9
376,6
378,TRIV
380,6
382,6
384,TRIV
386,7
388,8
390,TRIV
392,6
394,9
396,TRIV
398,6
400,7
402,TRIV
404,7
406,11
408,TRIV
410,7
412,6
414,TRIV
416,6
418,6
420,TRIV
422,6
424,9
426,TRIV
428,7
430,8
432,TRIV
434,7
436,6
438,TRIV
440,7
442,16
444,TRIV
446,6
448,6
450,TRIV
452,6
454,7
456,TRIV
458,6
460,6
462,TRIV
464,7
466,6
468,TRIV
470,8
472,6
474,TRIV
476,9
478,6
480,TRIV
482,8
484,15
486,TRIV
488,6
490,6
492,TRIV
494,7
496,6
498,TRIV
500,6
502,6
504,TRIV
506,6
508,8
510,TRIV
512,10
514,8
516,TRIV
518,6
520,7
522,TRIV
524,7
526,9
528,TRIV
530,6
532,6
534,TRIV
536,6
538,6
540,TRIV
542,9
544,9
546,TRIV
548,6
550,6
552,TRIV
554,8
556,6
558,TRIV
560,7
562,6
564,TRIV
566,6
568,7
570,TRIV
572,6
574,7
576,TRIV
578,6
580,6
582,TRIV
584,12
586,7
588,TRIV
590,6
592,6
594,TRIV
596,9
598,6
600,TRIV
602,6
604,7
606,TRIV
608,7
610,9
612,TRIV
614,9
616,6
618,TRIV
620,6
622,6
624,TRIV
626,6
628,6
630,TRIV
632,6
634,7
636,TRIV
638,7
640,6
642,TRIV
644,7
646,6
648,TRIV
650,6
652,9
654,TRIV
656,6
658,6
660,TRIV
662,6
664,7
666,TRIV
668,6
670,6
672,TRIV
674,9
676,6
678,TRIV
680,8
682,6
684,TRIV
686,6
688,6
690,TRIV
692,6
694,7
696,TRIV
698,6
700,6
702,TRIV
704,7
706,6
708,TRIV
710,6
712,6
714,TRIV
716,6
718,6
720,TRIV
722,6
724,6
726,TRIV
728,7
730,11
732,TRIV
734,7
736,7
738,TRIV
740,7
742,14
744,TRIV
746,11
748,7
750,TRIV
752,16
754,7
756,TRIV
758,7
760,7
762,TRIV
764,7
766,9
768,TRIV
770,8
772,9
774,TRIV
776,34
778,7
780,TRIV
782,8
784,9
786,TRIV
788,7
790,11
792,TRIV
794,11
796,165
798,TRIV
800,11
802,21
804,TRIV
806,7
808,14
810,TRIV
812,8
814,7
816,TRIV
818,8
820,7
822,TRIV
824,8
826,7
828,TRIV
830,11
832,10
834,TRIV
836,14
838,10
840,TRIV
842,10
844,8
846,TRIV
848,11
850,8
852,TRIV
854,61
856,10
858,TRIV
860,7
862,25
864,TRIV
866,7
868,7
870,TRIV
872,8
874,12
876,TRIV
878,8
880,7
882,TRIV
884,7
886,7
888,TRIV
890,7
892,8
894,TRIV
896,7
898,7
900,TRIV
902,8
904,7
906,TRIV
908,7
910,7
912,TRIV
914,8
916,17
918,TRIV
920,8
922,8
924,TRIV
926,9
928,7
930,TRIV
932,46
934,9
936,TRIV
938,7
940,9
942,TRIV
944,13
946,11
948,TRIV
950,7
952,9
954,TRIV
956,7
958,7
960,TRIV
962,16
964,7
966,TRIV
968,11
970,7
972,TRIV
974,7
976,10
978,TRIV
980,8
982,9
984,TRIV
986,7
988,8
990,TRIV
992,8
994,7
996,TRIV
998,8
1000,7
1002,TRIV
1004,8
1006,7
1008,TRIV
1010,16
1012,9
1014,TRIV
1016,7
1018,10
1020,TRIV
1022,9
1024,7
1026,TRIV
1028,14
1030,8
1032,TRIV
1034,7
1036,7
1038,TRIV
1040,8
1042,8
1044,TRIV
1046,9
1048,12
1050,TRIV
1052,12
1054,8
1056,TRIV
1058,7
1060,8
1062,TRIV
1064,7
1066,9
1068,TRIV
1070,7
1072,10
1074,TRIV
1076,10
1078,7
1080,TRIV
1082,8
1084,7
1086,TRIV
1088,12
1090,7
1092,TRIV
1094,7
1096,7
1098,TRIV
1100,7
1102,10
1104,TRIV
1106,10
1108,12
1110,TRIV
1112,8
1114,40
1116,TRIV
1118,7
1120,8
1122,TRIV
1124,7
1126,7
1128,TRIV
1130,8
1132,10
1134,TRIV
1136,7
1138,7
1140,TRIV
1142,8
1144,8
1146,TRIV
1148,7
1150,10
1152,TRIV
1154,7
1156,7
1158,TRIV
1160,9
1162,8
1164,TRIV
1166,7
1168,7
1170,TRIV
1172,36
1174,7
1176,TRIV
1178,7
1180,8
1182,TRIV
1184,11
1186,11
1188,TRIV
1190,7
1192,12
1194,TRIV
1196,7
1198,11
1200,TRIV
1202,9
1204,7
1206,TRIV
1208,11
1210,7
1212,TRIV
1214,8
1216,7
1218,TRIV
1220,7
1222,9
1224,TRIV
1226,9
1228,8
1230,TRIV
1232,9
1234,7
1236,TRIV
1238,8
1240,7
1242,TRIV
1244,9
1246,7
1248,TRIV
1250,7
1252,8
1254,TRIV
1256,9
1258,7
1260,TRIV
1262,10
1264,8
1266,TRIV
1268,7
1270,9
1272,TRIV
1274,11
1276,7
1278,TRIV
1280,7
1282,8
1284,TRIV
1286,9
1288,8
1290,TRIV
1292,24
1294,11
1296,TRIV
1298,10
1300,7
1302,TRIV
1304,7
1306,7
1308,TRIV
1310,7
1312,9
1314,TRIV
1316,9
1318,10
1320,TRIV
1322,10
1324,7
1326,TRIV
1328,7
1330,7
1332,TRIV
1334,7
1336,10
1338,TRIV
1340,10
1342,9
1344,TRIV
1346,18
1348,7
1350,TRIV
1352,8
1354,9
1356,TRIV
1358,7
1360,7
1362,TRIV
1364,7
1366,7
1368,TRIV
1370,9
1372,8
1374,TRIV
1376,7
1378,7
1380,TRIV
1382,8
1384,13
1386,TRIV
1388,11
1390,7
1392,TRIV
1394,8
1396,9
1398,TRIV
1400,7
1402,37
1404,TRIV
1406,18
1408,8
1410,TRIV
1412,10
1414,7
1416,TRIV
1418,7
1420,11
1422,TRIV
1424,11
1426,7
1428,TRIV
1430,7
1432,9
1434,TRIV
1436,7
1438,11
1440,TRIV
1442,8
1444,7
1446,TRIV
1448,7
1450,9
1452,TRIV
1454,7
1456,10
1458,TRIV
1460,7
1462,8
1464,TRIV
1466,9
1468,7
1470,TRIV
1472,9
1474,8
1476,TRIV
1478,7
1480,8
1482,TRIV
1484,8
1486,7
1488,TRIV
1490,10
1492,9
1494,TRIV
1496,7
1498,11
1500,TRIV
1502,8
1504,7
1506,TRIV
1508,12
1510,7
1512,TRIV
1514,7
1516,11
1518,TRIV
1520,10
1522,8
1524,TRIV
1526,7
1528,7
1530,TRIV
1532,22
1534,7
1536,TRIV
1538,8
1540,7
1542,TRIV
1544,7
1546,7
1548,TRIV
1550,8
1552,8
1554,TRIV
1556,7
1558,8
1560,TRIV
1562,8
1564,9
1566,TRIV
1568,7
1570,7
1572,TRIV
1574,7
1576,23
1578,TRIV
1580,7
1582,10
1584,TRIV
1586,7
1588,7
1590,TRIV
1592,8
1594,7
1596,TRIV
1598,18
1600,7
1602,TRIV
1604,8
1606,9
1608,TRIV
1610,7
1612,12
1614,TRIV
1616,7
1618,7
1620,TRIV
1622,9
1624,7
1626,TRIV
1628,8
1630,7
1632,TRIV
1634,9
1636,9
1638,TRIV
1640,7
1642,8
1644,TRIV
1646,7
1648,11
1650,TRIV
1652,8
1654,11
1656,TRIV
1658,8
1660,10
1662,TRIV
1664,7
1666,7
1668,TRIV
1670,9
1672,8
1674,TRIV
1676,10
1678,7
1680,TRIV
1682,10
1684,7
1686,TRIV
1688,7
1690,8
1692,TRIV
1694,9
1696,7
1698,TRIV
1700,7
1702,9
1704,TRIV
1706,9
1708,7
1710,TRIV
1712,9
1714,11
1716,TRIV
1718,10
1720,7
1722,TRIV
1724,7
1726,7
1728,TRIV
1730,7
1732,12
1734,TRIV
1736,11
1738,7
1740,TRIV
1742,13
1744,7
1746,TRIV
1748,7
1750,12
1752,TRIV
1754,7
1756,7
1758,TRIV
1760,8
1762,8
1764,TRIV
1766,7
1768,7
1770,TRIV
1772,8
1774,8
1776,TRIV
1778,7
1780,9
1782,TRIV
1784,12
1786,7
1788,TRIV
1790,7
1792,9
1794,TRIV
1796,14
1798,7
1800,TRIV
1802,8
1804,7
1806,TRIV
1808,7
1810,8
1812,TRIV
1814,7
1816,18
1818,TRIV
1820,7
1822,12
1824,TRIV
1826,10
1828,7
1830,TRIV
1832,8
1834,7
1836,TRIV
1838,7
1840,7
1842,TRIV
1844,9
1846,9
1848,TRIV
1850,7
1852,13
1854,TRIV
1856,7
1858,8
1860,TRIV
1862,12
1864,12
1866,TRIV
1868,16
1870,7
1872,TRIV
1874,7
1876,7
1878,TRIV
1880,7
1882,8
1884,TRIV
1886,10
1888,8
1890,TRIV
1892,9
1894,7
1896,TRIV
1898,8
1900,9
1902,TRIV
1904,7
1906,7
1908,TRIV
1910,7
1912,8
1914,TRIV
1916,7
1918,7
1920,TRIV
1922,8
1924,7
1926,TRIV
1928,12
1930,7
1932,TRIV
1934,9
1936,7
1938,TRIV
1940,8
1942,10
1944,TRIV
1946,7
1948,7
1950,TRIV
1952,10
1954,7
1956,TRIV
1958,7
1960,7
1962,TRIV
1964,7
1966,42
1968,TRIV
1970,8
1972,10
1974,TRIV
1976,7
1978,8
1980,TRIV
1982,13
1984,15
1986,TRIV
1988,7
1990,7
1992,TRIV
1994,7
1996,7
1998,TRIV
2000,8
2002,9
2004,TRIV
2006,7
2008,7
2010,TRIV
2012,8
2014,7
2016,TRIV
2018,11
2020,7
2022,TRIV
2024,7
2026,9
2028,TRIV
2030,7
2032,48
2034,TRIV
2036,7
2038,7
2040,TRIV
2042,8
2044,8
2046,TRIV
2048,7
2050,7
2052,TRIV
2054,8
2056,7
2058,TRIV
2060,7
2062,17
2064,TRIV
2066,10
2068,8
2070,TRIV
2072,13
2074,7
2076,TRIV
2078,7
2080,7
2082,TRIV
2084,7
2086,7
2088,TRIV
2090,7
2092,10
2094,TRIV
2096,15
2098,7
2100,TRIV
2102,9
2104,7
2106,TRIV
2108,7
2110,8
2112,TRIV
2114,7
2116,7
2118,TRIV
2120,7
2122,92
2124,TRIV
2126,7
2128,7
2130,TRIV
2132,9
2134,7
2136,TRIV
2138,8
2140,7
2142,TRIV
2144,7
2146,7
2148,TRIV
2150,7
2152,8
2154,TRIV
2156,7
2158,7
2160,TRIV
2162,16
2164,7
2166,TRIV
2168,7
2170,7
2172,TRIV
2174,7
2176,7
2178,TRIV
2180,7
2182,7
2184,TRIV
2186,9
2188,8
2190,TRIV
2192,9
2194,9
2196,TRIV
2198,8
2200,9
2202,TRIV
2204,8
2206,9
2208,TRIV
2210,13
2212,8
2214,TRIV
2216,9
2218,11
2220,TRIV
2222,8
2224,8
2226,TRIV
2228,10
2230,11
2232,TRIV
2234,8
2236,10
2238,TRIV
2240,9
2242,10
2244,TRIV
2246,11
2248,15
2250,TRIV
2252,9
2254,11
2256,TRIV
2258,12
2260,12
2262,TRIV
2264,8
2266,9
2268,TRIV
2270,10
2272,8
2274,TRIV
2276,10
2278,8
2280,TRIV
2282,9
2284,12
2286,TRIV
2288,8
2290,8
2292,TRIV
2294,9
2296,9
2298,TRIV
2300,8
2302,8
2304,TRIV
2306,9
2308,8
2310,TRIV
2312,10
2314,12
2316,TRIV
2318,8
2320,8
2322,TRIV
2324,9
2326,11
2328,TRIV
2330,8
2332,8
2334,TRIV
2336,10
2338,10
2340,TRIV
2342,8
2344,8
2346,TRIV
2348,10
2350,8
2352,TRIV
2354,13
2356,9
2358,TRIV
2360,8
2362,9
2364,TRIV
2366,9
2368,10
2370,TRIV
2372,14
2374,11
2376,TRIV
2378,10
2380,11
2382,TRIV
2384,8
2386,10
2388,TRIV
2390,9
2392,9
2394,TRIV
2396,13
2398,11
2400,TRIV
2402,8
2404,8
2406,TRIV
2408,8
2410,11
2412,TRIV
2414,12
2416,10
2418,TRIV
2420,10
2422,8
2424,TRIV
2426,9
2428,8
2430,TRIV
2432,8
2434,8
2436,TRIV
2438,10
2440,13
2442,TRIV
2444,9
2446,15
2448,TRIV
2450,8
2452,9
2454,TRIV
2456,14
2458,10
2460,TRIV
2462,8
2464,13
2466,TRIV
2468,8
2470,8
2472,TRIV
2474,9
2476,9
2478,TRIV
2480,9
2482,8
2484,TRIV
2486,14
2488,8
2490,TRIV
2492,9
2494,9
2496,TRIV
2498,11
2500,9
2502,TRIV
2504,8
2506,10
2508,TRIV
2510,8
2512,8
2514,TRIV
2516,9
2518,10
2520,TRIV
2522,10
2524,9
2526,TRIV
2528,15
2530,10
2532,TRIV
2534,8
2536,13
2538,TRIV
2540,8
2542,8
2544,TRIV
2546,9
2548,8
2550,TRIV
2552,24
2554,8
2556,TRIV
2558,8
2560,8
2562,TRIV
2564,11
2566,9
2568,TRIV
2570,10
2572,8
2574,TRIV
2576,9
2578,11
2580,TRIV
2582,10
2584,9
2586,TRIV
2588,34
2590,9
2592,TRIV
2594,8
2596,10
2598,TRIV
2600,16
2602,13
2604,TRIV
2606,9
2608,12
2610,TRIV
2612,10
2614,8
2616,TRIV
2618,8
2620,11
2622,TRIV
2624,17
2626,13
2628,TRIV
2630,8
2632,8
2634,TRIV
2636,9
2638,8
2640,TRIV
2642,8
2644,8
2646,TRIV
2648,10
2650,8
2652,TRIV
2654,8
2656,9
2658,TRIV
2660,11
2662,9
2664,TRIV
2666,10
2668,20
2670,TRIV
2672,8
2674,16
2676,TRIV
2678,11
2680,8
2682,TRIV
2684,8
2686,13
2688,TRIV
2690,9
2692,13
2694,TRIV
2696,9
2698,8
2700,TRIV
2702,9
2704,9
2706,TRIV
2708,8
2710,8
2712,TRIV
2714,8
2716,10
2718,TRIV
2720,9
2722,12
2724,TRIV
2726,18
2728,8
2730,TRIV
2732,12
2734,11
2736,TRIV
2738,8
2740,8
2742,TRIV
2744,71
2746,9
2748,TRIV
2750,10
2752,9
2754,TRIV
2756,9
2758,8
2760,TRIV
2762,9
2764,8
2766,TRIV
2768,8
2770,13
2772,TRIV
2774,12
2776,13
2778,TRIV
2780,9
2782,8
2784,TRIV
2786,10
2788,16
2790,TRIV
2792,8
2794,8
2796,TRIV
2798,62
2800,8
2802,TRIV
2804,9
2806,18
2808,TRIV
2810,10
2812,9
2814,TRIV
2816,11
2818,11
2820,TRIV
2822,8
2824,24
2826,TRIV
2828,8
2830,12
2832,TRIV
2834,8
2836,11
2838,TRIV
2840,9
2842,8
2844,TRIV
2846,17
2848,11
2850,TRIV
2852,8
2854,9
2856,TRIV
2858,11
2860,8
2862,TRIV
2864,8
2866,11
2868,TRIV
2870,8
2872,9
2874,TRIV
2876,14
2878,10
2880,TRIV
2882,10
2884,8
2886,TRIV
2888,8
2890,8
2892,TRIV
2894,29
2896,9
2898,TRIV
2900,10
2902,8
2904,TRIV
2906,11
2908,52
2910,TRIV
2912,18
2914,12
2916,TRIV
2918,8
2920,9
2922,TRIV
2924,8
2926,10
2928,TRIV
2930,8
2932,12
2934,TRIV
2936,9
2938,8
2940,TRIV
2942,9
2944,8
2946,TRIV
2948,8
2950,10
2952,TRIV
2954,8
2956,10
2958,TRIV
2960,13
2962,10
2964,TRIV
2966,30
2968,8
2970,TRIV
2972,12
2974,16
2976,TRIV
2978,8
2980,8
2982,TRIV
2984,9
2986,21
2988,TRIV
2990,8
2992,9
2994,TRIV
2996,10
2998,11
3000,TRIV
3002,8
3004,8
3006,TRIV
3008,10
3010,9
3012,TRIV
3014,8
3016,14
3018,TRIV
3020,8
3022,8
3024,TRIV
3026,9
3028,8
3030,TRIV
3032,8
3034,8
3036,TRIV
3038,12
3040,10
3042,TRIV
3044,8
3046,10
3048,TRIV
3050,8
3052,9
3054,TRIV
3056,11
3058,12
3060,TRIV
3062,8
3064,9
3066,TRIV
3068,11
3070,8
3072,TRIV
3074,21
3076,9
3078,TRIV
3080,9
3082,10
3084,TRIV
3086,11
3088,16
3090,TRIV
3092,8
3094,8
3096,TRIV
3098,8
3100,8
3102,TRIV
3104,8
3106,26
3108,TRIV
3110,9
3112,8
3114,TRIV
3116,9
3118,10
3120,TRIV
3122,9
3124,12
3126,TRIV
3128,8
3130,9
3132,TRIV
3134,13
3136,9
3138,TRIV
3140,11
3142,12
3144,TRIV
3146,10
3148,8
3150,TRIV
3152,10
3154,8
3156,TRIV
3158,23
3160,10
3162,TRIV
3164,9
3166,11
3168,TRIV
3170,8
3172,8
3174,TRIV
3176,27
3178,10
3180,TRIV
3182,13
3184,20
3186,TRIV
3188,8
3190,8
3192,TRIV
3194,12
3196,9
3198,TRIV
3200,8
3202,8
3204,TRIV
3206,9
3208,15
3210,TRIV
3212,10
3214,8
3216,TRIV
3218,8
3220,10
3222,TRIV
3224,11
3226,10
3228,TRIV
3230,8
3232,8
3234,TRIV
3236,9
3238,8
3240,TRIV
3242,8
3244,12
3246,TRIV
3248,8
3250,9
3252,TRIV
3254,8
3256,9
3258,TRIV
3260,8
3262,8
3264,TRIV
3266,9
3268,14
3270,TRIV
3272,9
3274,12
3276,TRIV
3278,12
3280,11
3282,TRIV
3284,27
3286,10
3288,TRIV
3290,8
3292,18
3294,TRIV
3296,11
3298,15
3300,TRIV
3302,8
3304,8
3306,TRIV
3308,8
3310,8
3312,TRIV
3314,9
3316,10
3318,TRIV
3320,9
3322,9
3324,TRIV
3326,21
3328,10
3330,TRIV
3332,8
3334,9
3336,TRIV
3338,10
3340,8
3342,TRIV
3344,8
3346,22
3348,TRIV
3350,9
3352,8
3354,TRIV
3356,21
3358,8
3360,TRIV
3362,13
3364,9
3366,TRIV
3368,10
3370,8
3372,TRIV
3374,8
3376,10
3378,TRIV
3380,8
3382,9
3384,TRIV
3386,10
3388,10
3390,TRIV
3392,8
3394,8
3396,TRIV
3398,8
3400,12
3402,TRIV
3404,11
3406,11
3408,TRIV
3410,9
3412,14
3414,TRIV
3416,9
3418,10
3420,TRIV
3422,14
3424,8
3426,TRIV
3428,10
3430,9
3432,TRIV
3434,9
3436,17
3438,TRIV
3440,8
3442,8
3444,TRIV
3446,10
3448,11
3450,TRIV
3452,8
3454,9
3456,TRIV
3458,12
3460,9
3462,TRIV
3464,11
3466,9
3468,TRIV
3470,10
3472,8
3474,TRIV
3476,11
3478,8
3480,TRIV
3482,8
3484,15
3486,TRIV
3488,11
3490,9
3492,TRIV
3494,8
3496,9
3498,TRIV
3500,8
3502,10
3504,TRIV
3506,22
3508,10
3510,TRIV
3512,8
3514,15
3516,TRIV
3518,11
3520,8
3522,TRIV
3524,8
3526,14
3528,TRIV
3530,11
3532,12
3534,TRIV
3536,14
3538,8
3540,TRIV
3542,8
3544,9
3546,TRIV
3548,10
3550,8
3552,TRIV
3554,21
3556,9
3558,TRIV
3560,8
3562,8
3564,TRIV
3566,15
3568,15
3570,TRIV
3572,9
3574,11
3576,TRIV
3578,15
3580,9
3582,TRIV
3584,13
3586,9
3588,TRIV
3590,8
3592,8
3594,TRIV
3596,9
3598,8
3600,TRIV
3602,17
3604,8
3606,TRIV
3608,8
3610,9
3612,TRIV
3614,9
3616,9
3618,TRIV
3620,9
3622,8
3624,TRIV
3626,9
3628,19
3630,TRIV
3632,12
3634,8
3636,TRIV
3638,10
3640,13
3642,TRIV
3644,8
3646,11
3648,TRIV
3650,9
3652,8
3654,TRIV
3656,11
3658,8
3660,TRIV
3662,21
3664,8
3666,TRIV
3668,10
3670,13
3672,TRIV
3674,8
3676,9
3678,TRIV
3680,13
3682,8
3684,TRIV
3686,17
3688,12
3690,TRIV
3692,9
3694,15
3696,TRIV
3698,10
3700,8
3702,TRIV
3704,8
3706,10
3708,TRIV
3710,8
3712,9
3714,TRIV
3716,10
3718,8
3720,TRIV
3722,26
3724,8
3726,TRIV
3728,8
3730,16
3732,TRIV
3734,15
3736,10
3738,TRIV
3740,12
3742,8
3744,TRIV
3746,9
3748,14
3750,TRIV
3752,24
3754,19
3756,TRIV
3758,8
3760,8
3762,TRIV
3764,8
3766,22
3768,TRIV
3770,8
3772,8
3774,TRIV
3776,9
3778,14
3780,TRIV
3782,9
3784,8
3786,TRIV
3788,11
3790,10
3792,TRIV
3794,8
3796,9
3798,TRIV
3800,10
3802,9
3804,TRIV
3806,9
3808,8
3810,TRIV
3812,8
3814,12
3816,TRIV
3818,12
3820,8
3822,TRIV
3824,9
3826,14
3828,TRIV
3830,8
3832,8
3834,TRIV
3836,10
3838,11
3840,TRIV
3842,8
3844,19
3846,TRIV
3848,8
3850,8
3852,TRIV
3854,8
3856,11
3858,TRIV
3860,9
3862,8
3864,TRIV
3866,9
3868,8
3870,TRIV
3872,8
3874,8
3876,TRIV
3878,8
3880,9
3882,TRIV
3884,8
3886,9
3888,TRIV
3890,8
3892,9
3894,TRIV
3896,9
3898,8
3900,TRIV
3902,8
3904,8
3906,TRIV
3908,12
3910,9
3912,TRIV
3914,8
3916,9
3918,TRIV
3920,13
3922,9
3924,TRIV
3926,13
3928,8
3930,TRIV
3932,10
3934,9
3936,TRIV
3938,11
3940,8
3942,TRIV
3944,8
3946,9
3948,TRIV
3950,9
3952,8
3954,TRIV
3956,9
3958,11
3960,TRIV
3962,17
3964,11
3966,TRIV
3968,8
3970,8
3972,TRIV
3974,27
3976,10
3978,TRIV
3980,13
3982,8
3984,TRIV
3986,17
3988,10
3990,TRIV
3992,10
3994,12
3996,TRIV
3998,10
4000,9
4002,TRIV
4004,8
4006,11
4008,TRIV
4010,8
4012,8
4014,TRIV
4016,9
4018,8
4020,TRIV
4022,8
4024,24
4026,TRIV
4028,10
4030,8
4032,TRIV
4034,9
4036,9
4038,TRIV
4040,8
4042,9
4044,TRIV
4046,23
4048,10
4050,TRIV
4052,13
4054,9
4056,TRIV
4058,8
4060,11
4062,TRIV
4064,9
4066,10
4068,TRIV
4070,10
4072,32
4074,TRIV
4076,9
4078,30
4080,TRIV
4082,9
4084,8
4086,TRIV
4088,8
4090,10
4092,TRIV
4094,8
4096,17
4098,TRIV
4100,9
4102,8
4104,TRIV
4106,14
4108,10
4110,TRIV
4112,26
4114,8
4116,TRIV
4118,16
4120,8
4122,TRIV
4124,8
4126,11
4128,TRIV
4130,10
4132,9
4134,TRIV
4136,14
4138,8
4140,TRIV
4142,9
4144,8
4146,TRIV
4148,11
4150,8
4152,TRIV
4154,11
4156,9
4158,TRIV
4160,11
4162,8
4164,TRIV
4166,11
4168,8
4170,TRIV
4172,8
4174,11
4176,TRIV
4178,8
4180,8
4182,TRIV
4184,8
4186,9
4188,TRIV
4190,8
4192,13
4194,TRIV
4196,17
4198,10
4200,TRIV
4202,36
4204,8
4206,TRIV
4208,22
4210,8
4212,TRIV
4214,8
4216,9
4218,TRIV
4220,8
4222,8
4224,TRIV
4226,122
4228,8
4230,TRIV
4232,9
4234,12
4236,TRIV
4238,12
4240,9
4242,TRIV
4244,9
4246,13
4248,TRIV
4250,8
4252,8
4254,TRIV
4256,9
4258,18
4260,TRIV
4262,10
4264,8
4266,TRIV
4268,8
4270,9
4272,TRIV
4274,8
4276,10
4278,TRIV
4280,8
4282,9
4284,TRIV
4286,13
4288,8
4290,TRIV
4292,8
4294,8
4296,TRIV
4298,10
4300,9
4302,TRIV
4304,13
4306,9
4308,TRIV
4310,8
4312,12
4314,TRIV
4316,17
4318,8
4320,TRIV
4322,8
4324,8
4326,TRIV
4328,10
4330,17
4332,TRIV
4334,9
4336,10
4338,TRIV
4340,8
4342,12
4344,TRIV
4346,11
4348,8
4350,TRIV
4352,9
4354,8
4356,TRIV
4358,8
4360,11
4362,TRIV
4364,9
4366,14
4368,TRIV
4370,9
4372,12
4374,TRIV
4376,9
4378,12
4380,TRIV
4382,8
4384,9
4386,TRIV
4388,11
4390,13
4392,TRIV
4394,9
4396,9
4398,TRIV
4400,8
4402,10
4404,TRIV
4406,9
4408,8
4410,TRIV
4412,9
4414,9
4416,TRIV
4418,8
4420,8
4422,TRIV
4424,8
4426,10
4428,TRIV
4430,8
4432,8
4434,TRIV
4436,15
4438,11
4440,TRIV
4442,9
4444,12
4446,TRIV
4448,8
4450,8
4452,TRIV
4454,16
4456,9
4458,TRIV
4460,11
4462,8
4464,TRIV
4466,9
4468,10
4470,TRIV
4472,8
4474,8
4476,TRIV
4478,8
4480,8
4482,TRIV
4484,9
4486,10
4488,TRIV
4490,9
4492,8
4494,TRIV
4496,9
4498,8
4500,TRIV
4502,10
4504,11
4506,TRIV
4508,8
4510,9
4512,TRIV
4514,11
4516,14
4518,TRIV
4520,13
4522,8
4524,TRIV
4526,15
4528,10
4530,TRIV
4532,8
4534,8
4536,TRIV
4538,31
4540,11
4542,TRIV
4544,8
4546,9
4548,TRIV
4550,8
4552,9
4554,TRIV
4556,10
4558,8
4560,TRIV
4562,8
4564,8
4566,TRIV
4568,8
4570,12
4572,TRIV
4574,8
4576,9
4578,TRIV
4580,10
4582,8
4584,TRIV
4586,11
4588,8
4590,TRIV
4592,9
4594,11
4596,TRIV
4598,19
4600,9
4602,TRIV
4604,12
4606,9
4608,TRIV
4610,8
4612,8
4614,TRIV
4616,125
4618,24
4620,TRIV
4622,9
4624,21
4626,TRIV
4628,8
4630,8
4632,TRIV
4634,13
4636,10
4638,TRIV
4640,10
4642,28
4644,TRIV
4646,10
4648,8
4650,TRIV
4652,9
4654,8
4656,TRIV
4658,11
4660,8
4662,TRIV
4664,12
4666,9
4668,TRIV
4670,9
4672,8
4674,TRIV
4676,13
4678,10
4680,TRIV
4682,8
4684,8
4686,TRIV
4688,8
4690,8
4692,TRIV
4694,8
4696,587
4698,TRIV
4700,8
4702,10
4704,TRIV
4706,11
4708,11
4710,TRIV
4712,16
4714,8
4716,TRIV
4718,10
4720,11
4722,TRIV
4724,11
4726,9
4728,TRIV
4730,8
4732,9
4734,TRIV
4736,9
4738,8
4740,TRIV
4742,16
4744,9
4746,TRIV
4748,11
4750,8
4752,TRIV
4754,9
4756,10
4758,TRIV
4760,8
4762,10
4764,TRIV
4766,25
4768,16
4770,TRIV
4772,8
4774,8
4776,TRIV
4778,8
4780,10
4782,TRIV
4784,8
4786,9
4788,TRIV
4790,11
4792,9
4794,TRIV
4796,9
4798,10
4800,TRIV
4802,8
4804,9
4806,TRIV
4808,8
4810,13
4812,TRIV
4814,8
4816,9
4818,TRIV
4820,8
4822,12
4824,TRIV
4826,11
4828,8
4830,TRIV
4832,9
4834,11
4836,TRIV
4838,8
4840,8
4842,TRIV
4844,23
4846,15
4848,TRIV
4850,11
4852,8
4854,TRIV
4856,9
4858,12
4860,TRIV
4862,8
4864,8
4866,TRIV
4868,8
4870,9
4872,TRIV
4874,16
4876,59
4878,TRIV
4880,13
4882,10
4884,TRIV
4886,9
4888,11
4890,TRIV
4892,8
4894,8
4896,TRIV
4898,8
4900,9
4902,TRIV
4904,8
4906,26
4908,TRIV
4910,10
4912,9
4914,TRIV
4916,9
4918,14
4920,TRIV
4922,25
4924,8
4926,TRIV
4928,10
4930,9
4932,TRIV
4934,8
4936,9
4938,TRIV
4940,8
4942,8
4944,TRIV
4946,9
4948,8
4950,TRIV
4952,8
4954,8
4956,TRIV
4958,10
4960,8
4962,TRIV
4964,8
4966,9
4968,TRIV
4970,9
4972,18
4974,TRIV
4976,11
4978,8
4980,TRIV
4982,8
4984,9
4986,TRIV
4988,12
4990,8
4992,TRIV
4994,8
4996,13
4998,TRIV
5000,9
5002,8
5004,TRIV
5006,13
5008,8
5010,TRIV
5012,8
5014,9
5016,TRIV
5018,8
5020,11
5022,TRIV
5024,13
5026,9
5028,TRIV
5030,8
5032,16
5034,TRIV
5036,10
5038,8
5040,TRIV
5042,13
5044,9
5046,TRIV
5048,10
5050,8
5052,TRIV
5054,9
5056,9
5058,TRIV
5060,12
5062,8
5064,TRIV
5066,13
5068,8
5070,TRIV
5072,8
5074,8
5076,TRIV
5078,8
5080,8
5082,TRIV
5084,13
5086,15
5088,TRIV
5090,8
5092,9
5094,TRIV
5096,22
5098,10
5100,TRIV
5102,8
5104,13
5106,TRIV
5108,8
5110,8
5112,TRIV
5114,8
5116,11
5118,TRIV
5120,9
5122,8
5124,TRIV
5126,9
5128,8
5130,TRIV
5132,8
5134,8
5136,TRIV
5138,8
5140,9
5142,TRIV
5144,12
5146,9
5148,TRIV
5150,9
5152,8
5154,TRIV
5156,19
5158,10
5160,TRIV
5162,8
5164,9
5166,TRIV
5168,10
5170,12
5172,TRIV
5174,17
5176,14
5178,TRIV
5180,8
5182,22
5184,TRIV
5186,34
5188,8
5190,TRIV
5192,10
5194,8
5196,TRIV
5198,15
5200,8
5202,TRIV
5204,9
5206,15
5208,TRIV
5210,11
5212,21
5214,TRIV
5216,33
5218,10
5220,TRIV
5222,9
5224,11
5226,TRIV
5228,12
5230,10
5232,TRIV
5234,8
5236,9
5238,TRIV
5240,8
5242,8
5244,TRIV
5246,9
5248,12
5250,TRIV
5252,9
5254,8
5256,TRIV
5258,8
5260,8
5262,TRIV
5264,8
5266,10
5268,TRIV
5270,8
5272,8
5274,TRIV
5276,9
5278,8
5280,TRIV
5282,8
5284,8
5286,TRIV
5288,14
5290,10
5292,TRIV
5294,9
5296,9
5298,TRIV
5300,16
5302,8
5304,TRIV
5306,13
5308,22
5310,TRIV
5312,8
5314,9
5316,TRIV
5318,10
5320,11
5322,TRIV
5324,8
5326,18
5328,TRIV
5330,8
5332,8
5334,TRIV
5336,9
5338,8
5340,TRIV
5342,9
5344,8
5346,TRIV
5348,8
5350,10
5352,TRIV
5354,11
5356,9
5358,TRIV
5360,8
5362,9
5364,TRIV
5366,15
5368,8
5370,TRIV
5372,12
5374,8
5376,TRIV
5378,12
5380,8
5382,TRIV
5384,11
5386,11
5388,TRIV
5390,8
5392,10
5394,TRIV
5396,10
5398,8
5400,TRIV
5402,9
5404,12
5406,TRIV
5408,8
5410,8
5412,TRIV
5414,11
5416,10
5418,TRIV
5420,10
5422,13
5424,TRIV
5426,10
5428,11
5430,TRIV
5432,8
5434,9
5436,TRIV
5438,8
5440,9
5442,TRIV
5444,8
5446,13
5448,TRIV
5450,11
5452,8
5454,TRIV
5456,10
5458,8
5460,TRIV
5462,9
5464,8
5466,TRIV
5468,8
5470,8
5472,TRIV
5474,8
5476,9
5478,TRIV
5480,10
5482,13
5484,TRIV
5486,9
5488,11
5490,TRIV
5492,8
5494,11
5496,TRIV
5498,8
5500,8
5502,TRIV
5504,12
5506,9
5508,TRIV
5510,8
5512,8
5514,TRIV
5516,14
5518,11
5520,TRIV
5522,8
5524,9
5526,TRIV
5528,8
5530,8
5532,TRIV
5534,9
5536,14
5538,TRIV
5540,8
5542,8
5544,TRIV
5546,10
5548,8
5550,TRIV
5552,8
5554,12
5556,TRIV
5558,18
5560,21
5562,TRIV
5564,8
5566,13
5568,TRIV
5570,8
5572,12
5574,TRIV
5576,9
5578,8
5580,TRIV
5582,21
5584,8
5586,TRIV
5588,11
5590,8
5592,TRIV
5594,8
5596,9
5598,TRIV
5600,9
5602,9
5604,TRIV
5606,11
5608,8
5610,TRIV
5612,9
5614,8
5616,TRIV
5618,11
5620,8
5622,TRIV
5624,8
5626,9
5628,TRIV
5630,10
5632,8
5634,TRIV
5636,13
5638,10
5640,TRIV
5642,8
5644,23
5646,TRIV
5648,10
5650,8
5652,TRIV
5654,8
5656,11
5658,TRIV
5660,12
5662,13
5664,TRIV
5666,11
5668,10
5670,TRIV
5672,9
5674,8
5676,TRIV
5678,8
5680,8
5682,TRIV
5684,8
5686,9
5688,TRIV
5690,10
5692,14
5694,TRIV
5696,10
5698,8
5700,TRIV
5702,8
5704,8
5706,TRIV
5708,8
5710,12
5712,TRIV
5714,12
5716,9
5718,TRIV
5720,9
5722,8
5724,TRIV
5726,10
5728,12
5730,TRIV
5732,8
5734,8
5736,TRIV
5738,8
5740,8
5742,TRIV
5744,11
5746,11
5748,TRIV
5750,8
5752,8
5754,TRIV
5756,13
5758,14
5760,TRIV
5762,9
5764,8
5766,TRIV
5768,10
5770,9
5772,TRIV
5774,8
5776,9
5778,TRIV
5780,9
5782,9
5784,TRIV
5786,14
5788,8
5790,TRIV
5792,8
5794,49
5796,TRIV
5798,27
5800,8
5802,TRIV
5804,8
5806,9
5808,TRIV
5810,8
5812,13
5814,TRIV
5816,10
5818,8
5820,TRIV
5822,8
5824,9
5826,TRIV
5828,8
5830,11
5832,TRIV
5834,8
5836,18
5838,TRIV
5840,23
5842,8
5844,TRIV
5846,15
5848,10
5850,TRIV
5852,8
5854,9
5856,TRIV
5858,12
5860,8
5862,TRIV
5864,28
5866,14
5868,TRIV
5870,8
5872,13
5874,TRIV
5876,9
5878,8
5880,TRIV
5882,17
5884,8
5886,TRIV
5888,8
5890,16
5892,TRIV
5894,9
5896,11
5898,TRIV
5900,8
5902,8
5904,TRIV
5906,14
5908,8
5910,TRIV
5912,12
5914,8
5916,TRIV
5918,8
5920,8
5922,TRIV
5924,9
5926,9
5928,TRIV
5930,8
5932,9
5934,TRIV
5936,10
5938,16
5940,TRIV
5942,8
5944,8
5946,TRIV
5948,8
5950,12
5952,TRIV
5954,8
5956,10
5958,TRIV
5960,8
5962,8
5964,TRIV
5966,21
5968,8
5970,TRIV
5972,9
5974,8
5976,TRIV
5978,11
5980,10
5982,TRIV
5984,8
5986,9
5988,TRIV
5990,8
5992,8
5994,TRIV
5996,9
5998,8
6000,TRIV
6002,9
6004,8
6006,TRIV
6008,12
6010,12
6012,TRIV
6014,8
6016,11
6018,TRIV
6020,8
6022,96
6024,TRIV
6026,13
6028,970
6030,TRIV
6032,10
6034,9
6036,TRIV
6038,8
6040,8
6042,TRIV
6044,11
6046,10
6048,TRIV
6050,9
6052,8
6054,TRIV
6056,9
6058,8
6060,TRIV
6062,8
6064,9
6066,TRIV
6068,10
6070,8
6072,TRIV
6074,8
6076,10
6078,TRIV
6080,12
6082,8
6084,TRIV
6086,9
6088,12
6090,TRIV
6092,9
6094,8
6096,TRIV
6098,8
6100,8
6102,TRIV
6104,8
6106,9
6108,TRIV
6110,19
6112,8
6114,TRIV
6116,9
6118,8
6120,TRIV
6122,8
6124,11
6126,TRIV
6128,8
6130,8
6132,TRIV
6134,13
6136,13
6138,TRIV
6140,8
6142,8
6144,TRIV
6146,9
6148,10
6150,TRIV
6152,8
6154,15
6156,TRIV
6158,18
6160,8
6162,TRIV
6164,8
6166,10
6168,TRIV
6170,9
6172,8
6174,TRIV
6176,11
6178,8
6180,TRIV
6182,8
6184,9
6186,TRIV
6188,8
6190,10
6192,TRIV
6194,8
6196,9
6198,TRIV
6200,12
6202,8
6204,TRIV
6206,9
6208,8
6210,TRIV
6212,8
6214,8
6216,TRIV
6218,15
6220,9
6222,TRIV
6224,8
6226,9
6228,TRIV
6230,8
6232,9
6234,TRIV
6236,10
6238,19
6240,TRIV
6242,9
6244,8
6246,TRIV
6248,8
6250,8
6252,TRIV
6254,8
6256,14
6258,TRIV
6260,11
6262,9
6264,TRIV
6266,9
6268,8
6270,TRIV
6272,9
6274,11
6276,TRIV
6278,8
6280,8
6282,TRIV
6284,8
6286,9
6288,TRIV
6290,8
6292,8
6294,TRIV
6296,11
6298,8
6300,TRIV
6302,9
6304,8
6306,TRIV
6308,35
6310,8
6312,TRIV
6314,12
6316,9
6318,TRIV
6320,8
6322,8
6324,TRIV
6326,13
6328,8
6330,TRIV
6332,8
6334,8
6336,TRIV
6338,8
6340,10
6342,TRIV
6344,9
6346,9
6348,TRIV
6350,8
6352,9
6354,TRIV
6356,9
6358,10
6360,TRIV
6362,8
6364,8
6366,TRIV
6368,8
6370,8
6372,TRIV
6374,9
6376,10
6378,TRIV
6380,8
6382,8
6384,TRIV
6386,9
6388,8
6390,TRIV
6392,9
6394,8
6396,TRIV
6398,8
6400,13
6402,TRIV
6404,8
6406,11
6408,TRIV
6410,8
6412,8
6414,TRIV
6416,9
6418,10
6420,TRIV
6422,8
6424,8
6426,TRIV
6428,12
6430,8
6432,TRIV
6434,8
6436,11
6438,TRIV
6440,10
6442,9
6444,TRIV
6446,11
6448,8
6450,TRIV
6452,8
6454,8
6456,TRIV
6458,8
6460,8
6462,TRIV
6464,8
6466,9
6468,TRIV
6470,10
6472,8
6474,TRIV
6476,13
6478,8
6480,TRIV
6482,8
6484,12
6486,TRIV
6488,8
6490,8
6492,TRIV
6494,8
6496,9
6498,TRIV
6500,8
6502,8
6504,TRIV
6506,9
6508,8
6510,TRIV
6512,9
6514,8
6516,TRIV
6518,8
6520,8
6522,TRIV
6524,8
6526,18
6528,TRIV
6530,8
6532,8
6534,TRIV
6536,9
6538,8
6540,TRIV
6542,8
6544,8
6546,TRIV
6548,8
6550,8
6552,TRIV
6554,8
6556,8
6558,TRIV
6560,10
6562,9
6564,TRIV
6566,14
6568,11
6570,TRIV
6572,12
6574,9
6576,TRIV
6578,12
6580,9
6582,TRIV
6584,9
6586,13
6588,TRIV
6590,9
6592,10
6594,TRIV
6596,10
6598,18
6600,TRIV
6602,17
6604,16
6606,TRIV
6608,11
6610,11
6612,TRIV
6614,12
6616,10
6618,TRIV
6620,9
6622,13
6624,TRIV
6626,15
6628,20
6630,TRIV
6632,22
6634,9
6636,TRIV
6638,11
6640,9
6642,TRIV
6644,11
6646,9
6648,TRIV
6650,9
6652,12
6654,TRIV
6656,14
6658,10
6660,TRIV
6662,10
6664,11
6666,TRIV
6668,15
6670,10
6672,TRIV
6674,9
6676,9
6678,TRIV
6680,9
6682,9
6684,TRIV
6686,10
6688,10
6690,TRIV
6692,16
6694,13
6696,TRIV
6698,12
6700,9
6702,TRIV
6704,9
6706,11
6708,TRIV
6710,9
6712,13
6714,TRIV
6716,9
6718,14
6720,TRIV
6722,22
6724,9
6726,TRIV
6728,10
6730,9
6732,TRIV
6734,11
6736,10
6738,TRIV
6740,12
6742,9
6744,TRIV
6746,13
6748,10
6750,TRIV
6752,14
6754,11
6756,TRIV
6758,10
6760,9
6762,TRIV
6764,9
6766,9
6768,TRIV
6770,46
6772,9
6774,TRIV
6776,9
6778,11
6780,TRIV
6782,10
6784,9
6786,TRIV
6788,27
6790,9
6792,TRIV
6794,9
6796,10
6798,TRIV
6800,10
6802,21
6804,TRIV
6806,11
6808,12
6810,TRIV
6812,10
6814,16
6816,TRIV
6818,14
6820,11
6822,TRIV
6824,13
6826,10
6828,TRIV
6830,9
6832,13
6834,TRIV
6836,27
6838,18
6840,TRIV
6842,9
6844,15
6846,TRIV
6848,10
6850,12
6852,TRIV
6854,9
6856,14
6858,TRIV
6860,9
6862,9
6864,TRIV
6866,10
6868,10
6870,TRIV
6872,10
6874,9
6876,TRIV
6878,23
6880,11
6882,TRIV
6884,9
6886,10
6888,TRIV
6890,17
6892,9
6894,TRIV
6896,10
6898,11
6900,TRIV
6902,9
6904,11
6906,TRIV
6908,11
6910,13
6912,TRIV
6914,20
6916,11
6918,TRIV
6920,9
6922,10
6924,TRIV
6926,9
6928,10
6930,TRIV
6932,12
6934,11
6936,TRIV
6938,22
6940,9
6942,TRIV
6944,9
6946,10
6948,TRIV
6950,11
6952,14
6954,TRIV
6956,98
6958,11
6960,TRIV
6962,9
6964,43
6966,TRIV
6968,10
6970,9
6972,TRIV
6974,13
6976,14
6978,TRIV
6980,9
6982,10
6984,TRIV
6986,9
6988,12
6990,TRIV
6992,10
6994,9
6996,TRIV
6998,10
7000,13
7002,TRIV
7004,20
7006,11
7008,TRIV
7010,14
7012,9
7014,TRIV
7016,15
7018,14
7020,TRIV
7022,10
7024,9
7026,TRIV
7028,10
7030,9
7032,TRIV
7034,17
7036,9
7038,TRIV
7040,10
7042,9
7044,TRIV
7046,9
7048,11
7050,TRIV
7052,12
7054,12
7056,TRIV
7058,10
7060,14
7062,TRIV
7064,9
7066,11
7068,TRIV
7070,9
7072,9
7074,TRIV
7076,10
7078,10
7080,TRIV
7082,9
7084,11
7086,TRIV
7088,12
7090,11
7092,TRIV
7094,9
7096,22
7098,TRIV
7100,9
7102,13
7104,TRIV
7106,9
7108,10
7110,TRIV
7112,17
7114,9
7116,TRIV
7118,11
7120,10
7122,TRIV
7124,15
7126,11
7128,TRIV
7130,9
7132,12
7134,TRIV
7136,9
7138,16
7140,TRIV
7142,9
7144,9
7146,TRIV
7148,19
7150,10
7152,TRIV
7154,12
7156,9
7158,TRIV
7160,11
7162,22
7164,TRIV
7166,9
7168,18
7170,TRIV
7172,9
7174,23
7176,TRIV
7178,10
7180,9
7182,TRIV
7184,12
7186,9
7188,TRIV
7190,10
7192,9
7194,TRIV
7196,9
7198,12
7200,TRIV
7202,13
7204,9
7206,TRIV
7208,15
7210,9
7212,TRIV
7214,11
7216,17
7218,TRIV
7220,10
7222,10
7224,TRIV
7226,9
7228,11
7230,TRIV
7232,9
7234,11
7236,TRIV
7238,11
7240,12
7242,TRIV
7244,12
7246,9
7248,TRIV
7250,9
7252,10
7254,TRIV
7256,11
7258,11
7260,TRIV
7262,9
7264,15
7266,TRIV
7268,23
7270,9
7272,TRIV
7274,9
7276,502
7278,TRIV
7280,10
7282,9
7284,TRIV
7286,50
7288,11
7290,TRIV
7292,9
7294,43
7296,TRIV
7298,15
7300,10
7302,TRIV
7304,9
7306,9
7308,TRIV
7310,9
7312,13
7314,TRIV
7316,11
7318,12
7320,TRIV
7322,12
7324,11
7326,TRIV
7328,10
7330,10
7332,TRIV
7334,13
7336,9
7338,TRIV
7340,9
7342,12
7344,TRIV
7346,23
7348,14
7350,TRIV
7352,13
7354,9
7356,TRIV
7358,10
7360,9
7362,TRIV
7364,11
7366,10
7368,TRIV
7370,10
7372,13
7374,TRIV
7376,10
7378,11
7380,TRIV
7382,9
7384,12
7386,TRIV
7388,12
7390,10
7392,TRIV
7394,9
7396,11
7398,TRIV
7400,14
7402,9
7404,TRIV
7406,9
7408,31
7410,TRIV
7412,10
7414,9
7416,TRIV
7418,10
7420,9
7422,TRIV
7424,23
7426,14
7428,TRIV
7430,9
7432,9
7434,TRIV
7436,10
7438,11
7440,TRIV
7442,9
7444,9
7446,TRIV
7448,32
7450,10
7452,TRIV
7454,11
7456,9
7458,TRIV
7460,18
7462,18
7464,TRIV
7466,11
7468,10
7470,TRIV
7472,9
7474,15
7476,TRIV
7478,179
7480,9
7482,TRIV
7484,33
7486,9
7488,TRIV
7490,11
7492,12
7494,TRIV
7496,19
7498,10
7500,TRIV
7502,13
7504,12
7506,TRIV
7508,11
7510,10
7512,TRIV
7514,11
7516,15
7518,TRIV
7520,9
7522,9
7524,TRIV
7526,9
7528,10
7530,TRIV
7532,10
7534,9
7536,TRIV
7538,10
7540,9
7542,TRIV
7544,21
7546,10
7548,TRIV
7550,13
7552,13
7554,TRIV
7556,11
7558,16
7560,TRIV
7562,10
7564,9
7566,TRIV
7568,10
7570,9
7572,TRIV
7574,9
7576,9
7578,TRIV
7580,11
7582,9
7584,TRIV
7586,9
7588,10
7590,TRIV
7592,14
7594,11
7596,TRIV
7598,14
7600,10
7602,TRIV
7604,13
7606,19
7608,TRIV
7610,9
7612,9
7614,TRIV
7616,11
7618,10
7620,TRIV
7622,10
7624,11
7626,TRIV
7628,10
7630,10
7632,TRIV
7634,9
7636,10
7638,TRIV
7640,9
7642,9
7644,TRIV
7646,9
7648,12
7650,TRIV
7652,22
7654,11
7656,TRIV
7658,11
7660,15
7662,TRIV
7664,11
7666,10
7668,TRIV
7670,12
7672,9
7674,TRIV
7676,9
7678,12
7680,TRIV
7682,12
7684,19
7686,TRIV
7688,10
7690,11
7692,TRIV
7694,16
7696,9
7698,TRIV
7700,10
7702,9
7704,TRIV
7706,10
7708,10
7710,TRIV
7712,9
7714,9
7716,TRIV
7718,30
7720,10
7722,TRIV
7724,9
7726,22
7728,TRIV
7730,9
7732,17
7734,TRIV
7736,13
7738,11
7740,TRIV
7742,9
7744,9
7746,TRIV
7748,11
7750,9
7752,TRIV
7754,15
7756,9
7758,TRIV
7760,9
7762,10
7764,TRIV
7766,10
7768,12
7770,TRIV
7772,12
7774,9
7776,TRIV
7778,11
7780,9
7782,TRIV
7784,12
7786,9
7788,TRIV
7790,20
7792,10
7794,TRIV
7796,9
7798,14
7800,TRIV
7802,12
7804,11
7806,TRIV
7808,10
7810,10
7812,TRIV
7814,52
7816,9
7818,TRIV
7820,9
7822,24
7824,TRIV
7826,11
7828,11
7830,TRIV
7832,10
7834,11
7836,TRIV
7838,12
7840,11
7842,TRIV
7844,9
7846,10
7848,TRIV
7850,9
7852,9
7854,TRIV
7856,9
7858,20
7860,TRIV
7862,9
7864,11
7866,TRIV
7868,12
7870,9
7872,TRIV
7874,16
7876,9
7878,TRIV
7880,10
7882,9
7884,TRIV
7886,13
7888,11
7890,TRIV
7892,10
7894,9
7896,TRIV
7898,10
7900,9
7902,TRIV
7904,9
7906,9
7908,TRIV
7910,16
7912,10
7914,TRIV
7916,10
7918,10
7920,TRIV
7922,12
7924,17
7926,TRIV
7928,11
7930,11
7932,TRIV
7934,17
7936,15
7938,TRIV
7940,9
7942,13
7944,TRIV
7946,15
7948,11
7950,TRIV
7952,9
7954,12
7956,TRIV
7958,20
7960,15
7962,TRIV
7964,9
7966,9
7968,TRIV
7970,11
7972,36
7974,TRIV
7976,14
7978,10
7980,TRIV
7982,9
7984,9
7986,TRIV
7988,10
7990,10
7992,TRIV
7994,9
7996,11
7998,TRIV
8000,14
8002,9
8004,TRIV
8006,9
8008,12
8010,TRIV
8012,13
8014,12
8016,TRIV
8018,10
8020,14
8022,TRIV
8024,12
8026,9
8028,TRIV
8030,16
8032,17
8034,TRIV
8036,11
8038,12
8040,TRIV
8042,18
8044,15
8046,TRIV
8048,10
8050,9
8052,TRIV
8054,11
8056,10
8058,TRIV
8060,10
8062,9
8064,TRIV
8066,9
8068,11
8070,TRIV
8072,13
8074,23
8076,TRIV
8078,10
8080,10
8082,TRIV
8084,11
8086,9
8088,TRIV
8090,9
8092,10
8094,TRIV
8096,9
8098,10
8100,TRIV
8102,14
8104,9
8106,TRIV
8108,12
8110,14
8112,TRIV
8114,13
8116,18
8118,TRIV
8120,10
8122,13
8124,TRIV
8126,10
8128,11
8130,TRIV
8132,9
8134,9
8136,TRIV
8138,11
8140,10
8142,TRIV
8144,11
8146,21
8148,TRIV
8150,15
8152,14
8154,TRIV
8156,9
8158,10
8160,TRIV
8162,13
8164,9
8166,TRIV
8168,14
8170,11
8172,TRIV
8174,27
8176,10
8178,TRIV
8180,9
8182,10
8184,TRIV
8186,9
8188,38
8190,TRIV
8192,9
8194,9
8196,TRIV
8198,15
8200,9
8202,TRIV
8204,11
8206,30
8208,TRIV
8210,10
8212,9
8214,TRIV
8216,9
8218,14
8220,TRIV
8222,12
8224,13
8226,TRIV
8228,10
8230,13
8232,TRIV
8234,11
8236,9
8238,TRIV
8240,9
8242,14
8244,TRIV
8246,9
8248,11
8250,TRIV
8252,16
8254,11
8256,TRIV
8258,48
8260,9
8262,TRIV
8264,12
8266,19
8268,TRIV
8270,14
8272,9
8274,TRIV
8276,10
8278,11
8280,TRIV
8282,10
8284,9
8286,TRIV
8288,15
8290,9
8292,TRIV
8294,17
8296,10
8298,TRIV
8300,9
8302,14
8304,TRIV
8306,14
8308,10
8310,TRIV
8312,12
8314,9
8316,TRIV
8318,15
8320,17
8322,TRIV
8324,15
8326,10
8328,TRIV
8330,9
8332,9
8334,TRIV
8336,35
8338,16
8340,TRIV
8342,10
8344,11
8346,TRIV
8348,12
8350,13
8352,TRIV
8354,9
8356,13
8358,TRIV
8360,13
8362,9
8364,TRIV
8366,9
8368,18
8370,TRIV
8372,9
8374,45
8376,TRIV
8378,10
8380,16
8382,TRIV
8384,9
8386,11
8388,TRIV
8390,14
8392,12
8394,TRIV
8396,9
8398,10
8400,TRIV
8402,10
8404,9
8406,TRIV
8408,32
8410,9
8412,TRIV
8414,15
8416,11
8418,TRIV
8420,12
8422,9
8424,TRIV
8426,9
8428,11
8430,TRIV
8432,9
8434,11
8436,TRIV
8438,38
8440,9
8442,TRIV
8444,9
8446,21
8448,TRIV
8450,10
8452,12
8454,TRIV
8456,10
8458,10
8460,TRIV
8462,10
8464,17
8466,TRIV
8468,10
8470,9
8472,TRIV
8474,11
8476,18
8478,TRIV
8480,12
8482,12
8484,TRIV
8486,9
8488,15
8490,TRIV
8492,14
8494,12
8496,TRIV
8498,10
8500,10
8502,TRIV
8504,11
8506,9
8508,TRIV
8510,9
8512,9
8514,TRIV
8516,11
8518,11
8520,TRIV
8522,9
8524,9
8526,TRIV
8528,15
8530,11
8532,TRIV
8534,9
8536,10
8538,TRIV
8540,16
8542,16
8544,TRIV
8546,10
8548,11
8550,TRIV
8552,9
8554,12
8556,TRIV
8558,12
8560,12
8562,TRIV
8564,9
8566,9
8568,TRIV
8570,9
8572,20
8574,TRIV
8576,13
8578,14
8580,TRIV
8582,14
8584,12
8586,TRIV
8588,10
8590,9
8592,TRIV
8594,19
8596,9
8598,TRIV
8600,9
8602,12
8604,TRIV
8606,11
8608,10
8610,TRIV
8612,9
8614,9
8616,TRIV
8618,14
8620,11
8622,TRIV
8624,9
8626,9
8628,TRIV
8630,12
8632,10
8634,TRIV
8636,9
8638,10
8640,TRIV
8642,17
8644,13
8646,TRIV
8648,11
8650,13
8652,TRIV
8654,12
8656,9
8658,TRIV
8660,13
8662,10
8664,TRIV
8666,10
8668,23
8670,TRIV
8672,10
8674,17
8676,TRIV
8678,12
8680,9
8682,TRIV
8684,11
8686,10
8688,TRIV
8690,9
8692,12
8694,TRIV
8696,9
8698,11
8700,TRIV
8702,14
8704,9
8706,TRIV
8708,10
8710,9
8712,TRIV
8714,11
8716,10
8718,TRIV
8720,10
8722,12
8724,TRIV
8726,9
8728,10
8730,TRIV
8732,16
8734,9
8736,TRIV
8738,10
8740,13
8742,TRIV
8744,9
8746,9
8748,TRIV
8750,20
8752,12
8754,TRIV
8756,11
8758,10
8760,TRIV
8762,10
8764,12
8766,TRIV
8768,12
8770,14
8772,TRIV
8774,9
8776,10
8778,TRIV
8780,9
8782,12
8784,TRIV
8786,10
8788,10
8790,TRIV
8792,9
8794,9
8796,TRIV
8798,14
8800,9
8802,TRIV
8804,12
8806,15
8808,TRIV
8810,13
8812,16
8814,TRIV
8816,9
8818,10
8820,TRIV
8822,9
8824,9
8826,TRIV
8828,10
8830,9
8832,TRIV
8834,13
8836,9
8838,TRIV
8840,12
8842,10
8844,TRIV
8846,9
8848,15
8850,TRIV
8852,9
8854,11
8856,TRIV
8858,18
8860,19
8862,TRIV
8864,15
8866,11
8868,TRIV
8870,11
8872,10
8874,TRIV
8876,13
8878,11
8880,TRIV
8882,17
8884,9
8886,TRIV
8888,12
8890,10
8892,TRIV
8894,9
8896,10
8898,TRIV
8900,11
8902,9
8904,TRIV
8906,19
8908,24
8910,TRIV
8912,9
8914,153
8916,TRIV
8918,10
8920,10
8922,TRIV
8924,12
8926,10
8928,TRIV
8930,9
8932,26
8934,TRIV
8936,11
8938,10
8940,TRIV
8942,21
8944,9
8946,TRIV
8948,10
8950,9
8952,TRIV
8954,9
8956,10
8958,TRIV
8960,9
8962,10
8964,TRIV
8966,22
8968,14
8970,TRIV
8972,9
8974,9
8976,TRIV
8978,15
8980,10
8982,TRIV
8984,41
8986,14
8988,TRIV
8990,15
8992,9
8994,TRIV
8996,9
8998,10
9000,TRIV
9002,10
9004,11
9006,TRIV
9008,14
9010,13
9012,TRIV
9014,16
9016,9
9018,TRIV
9020,9
9022,22
9024,TRIV
9026,9
9028,10
9030,TRIV
9032,9
9034,13
9036,TRIV
9038,11
9040,14
9042,TRIV
9044,9
9046,45
9048,TRIV
9050,10
9052,9
9054,TRIV
9056,9
9058,10
9060,TRIV
9062,13
9064,11
9066,TRIV
9068,12
9070,9
9072,TRIV
9074,13
9076,9
9078,TRIV
9080,11
9082,9
9084,TRIV
9086,9
9088,58
9090,TRIV
9092,10
9094,9
9096,TRIV
9098,24
9100,15
9102,TRIV
9104,11
9106,10
9108,TRIV
9110,10
9112,10
9114,TRIV
9116,9
9118,11
9120,TRIV
9122,10
9124,9
9126,TRIV
9128,10
9130,10
9132,TRIV
9134,11
9136,14
9138,TRIV
9140,14
9142,77
9144,TRIV
9146,14
9148,19
9150,TRIV
9152,9
9154,9
9156,TRIV
9158,10
9160,11
9162,TRIV
9164,19
9166,38
9168,TRIV
9170,9
9172,10
9174,TRIV
9176,11
9178,10
9180,TRIV
9182,9
9184,9
9186,TRIV
9188,15
9190,12
9192,TRIV
9194,11
9196,9
9198,TRIV
9200,16
9202,12
9204,TRIV
9206,9
9208,12
9210,TRIV
9212,12
9214,12
9216,TRIV
9218,10
9220,9
9222,TRIV
9224,9
9226,9
9228,TRIV
9230,9
9232,14
9234,TRIV
9236,11
9238,10
9240,TRIV
9242,10
9244,113
9246,TRIV
9248,10
9250,9
9252,TRIV
9254,9
9256,9
9258,TRIV
9260,10
9262,10
9264,TRIV
9266,10
9268,11
9270,TRIV
9272,17
9274,11
9276,TRIV
9278,15
9280,12
9282,TRIV
9284,9
9286,11
9288,TRIV
9290,13
9292,9
9294,TRIV
9296,13
9298,18
9300,TRIV
9302,10
9304,19
9306,TRIV
9308,10
9310,10
9312,TRIV
9314,9
9316,13
9318,TRIV
9320,22
9322,10
9324,TRIV
9326,9
9328,12
9330,TRIV
9332,16
9334,17
9336,TRIV
9338,10
9340,9
9342,TRIV
9344,60
9346,9
9348,TRIV
9350,9
9352,9
9354,TRIV
9356,13
9358,12
9360,TRIV
9362,9
9364,13
9366,TRIV
9368,10
9370,9
9372,TRIV
9374,13
9376,11
9378,TRIV
9380,9
9382,9
9384,TRIV
9386,10
9388,11
9390,TRIV
9392,13
9394,9
9396,TRIV
9398,23
9400,11
9402,TRIV
9404,12
9406,22
9408,TRIV
9410,9
9412,9
9414,TRIV
9416,9
9418,11
9420,TRIV
9422,10
9424,9
9426,TRIV
9428,102
9430,9
9432,TRIV
9434,13
9436,9
9438,TRIV
9440,9
9442,12
9444,TRIV
9446,10
9448,12
9450,TRIV
9452,10
9454,24
9456,TRIV
9458,20
9460,9
9462,TRIV
9464,11
9466,15
9468,TRIV
9470,11
9472,9
9474,TRIV
9476,15
9478,20
9480,TRIV
9482,17
9484,11
9486,TRIV
9488,18
9490,9
9492,TRIV
9494,13
9496,13
9498,TRIV
9500,10
9502,9
9504,TRIV
9506,9
9508,42
9510,TRIV
9512,10
9514,9
9516,TRIV
9518,10
9520,9
9522,TRIV
9524,9
9526,10
9528,TRIV
9530,16
9532,9
9534,TRIV
9536,11
9538,12
9540,TRIV
9542,9
9544,9
9546,TRIV
9548,19
9550,9
9552,TRIV
9554,11
9556,13
9558,TRIV
9560,12
9562,12
9564,TRIV
9566,14
9568,10
9570,TRIV
9572,9
9574,21
9576,TRIV
9578,19
9580,9
9582,TRIV
9584,9
9586,10
9588,TRIV
9590,9
9592,9
9594,TRIV
9596,23
9598,10
9600,TRIV
9602,13
9604,9
9606,TRIV
9608,32
9610,11
9612,TRIV
9614,9
9616,9
9618,TRIV
9620,10
9622,9
9624,TRIV
9626,11
9628,12
9630,TRIV
9632,10
9634,25
9636,TRIV
9638,10
9640,10
9642,TRIV
9644,9
9646,9
9648,TRIV
9650,12
9652,12
9654,TRIV
9656,10
9658,10
9660,TRIV
9662,30
9664,11
9666,TRIV
9668,19
9670,16
9672,TRIV
9674,9
9676,9
9678,TRIV
9680,10
9682,10
9684,TRIV
9686,10
9688,12
9690,TRIV
9692,12
9694,13
9696,TRIV
9698,11
9700,13
9702,TRIV
9704,11
9706,11
9708,TRIV
9710,9
9712,14
9714,TRIV
9716,9
9718,10
9720,TRIV
9722,16
9724,11
9726,TRIV
9728,15
9730,14
9732,TRIV
9734,9
9736,17
9738,TRIV
9740,11
9742,9
9744,TRIV
9746,13
9748,12
9750,TRIV
9752,9
9754,9
9756,TRIV
9758,24
9760,9
9762,TRIV
9764,17
9766,11
9768,TRIV
9770,10
9772,10
9774,TRIV
9776,9
9778,14
9780,TRIV
9782,9
9784,12
9786,TRIV
9788,10
9790,20
9792,TRIV
9794,15
9796,9
9798,TRIV
9800,9
9802,42
9804,TRIV
9806,11
9808,11
9810,TRIV
9812,9
9814,13
9816,TRIV
9818,11
9820,26
9822,TRIV
9824,9
9826,9
9828,TRIV
9830,11
9832,9
9834,TRIV
9836,11
9838,10
9840,TRIV
9842,10
9844,9
9846,TRIV
9848,10
9850,9
9852,TRIV
9854,9
9856,10
9858,TRIV
9860,12
9862,25
9864,TRIV
9866,9
9868,16
9870,TRIV
9872,9
9874,12
9876,TRIV
9878,10
9880,9
9882,TRIV
9884,12
9886,11
9888,TRIV
9890,12
9892,9
9894,TRIV
9896,9
9898,11
9900,TRIV
9902,9
9904,12
9906,TRIV
9908,12
9910,10
9912,TRIV
9914,9
9916,9
9918,TRIV
9920,13
9922,12
9924,TRIV
9926,10
9928,10
9930,TRIV
9932,10
9934,9
9936,TRIV
9938,12
9940,9
9942,TRIV
9944,9
9946,10
9948,TRIV
9950,9
9952,13
9954,TRIV
9956,11
9958,12
9960,TRIV
9962,9
9964,9
9966,TRIV
9968,10
9970,11
9972,TRIV
9974,11
9976,14
9978,TRIV
9980,10
9982,21
9984,TRIV
9986,9
9988,11
9990,TRIV
9992,10
9994,9
9996,TRIV
9998,11
10000,17
