1,2
3,3
5,3
7,39
9,4
11,4
13,4
15,5
17,6
19,5
21,5
23,6
25,5
27,5
29,5
31,7
33,6
35,6
37,11
39,7
41,6
43,29
45,6
47,6
49,7
51,6
53,6
55,7
57,6
59,6
61,6
63,8
65,8
67,7
69,7
71,10
73,9
75,7
77,8
79,9
81,7
83,8
85,7
87,7
89,8
91,7
93,8
95,10
97,7
99,7
101,26
103,9
105,7
107,8
109,7
111,7
113,10
115,7
117,7
119,8
121,7
123,7
125,7
127,47
129,8
131,14
133,9
135,11
137,10
139,9
141,10
143,8
145,9
147,8
149,8
151,31
153,8
155,8
157,15
159,8
161,10
163,9
165,9
167,8
169,11
171,10
173,8
175,9
177,8
179,12
181,9
183,8
185,8
187,11
189,8
191,14
193,21
195,8
197,8
199,9
201,9
203,8
205,9
207,12
209,8
211,25
213,8
215,8
217,11
219,8
221,714
223,261
225,8
227,8
229,9
231,9
233,8
235,9
237,8
239,8
241,9
243,8
245,8
247,11
249,8
251,8
253,8
255,9
257,14
259,11
261,9
263,10
265,11
267,10
269,16
271,9
273,9
275,12
277,15
279,9
281,10
283,9
285,9
287,14
289,9
291,10
293,12
295,11
297,10
299,12
301,9
303,12
305,10
307,11
309,13
311,14
313,9
315,9
317,12
319,9
321,9
323,10
325,11
327,11
329,12
331,9
333,9
335,12
337,791
339,9
341,10
343,17
345,9
347,10
349,9
351,10
353,16
355,9
357,12
359,20
361,9
363,9
365,10
367,15
369,12
371,10
373,9
375,9
377,10
379,11
381,9
383,10
385,9
387,12
389,16
391,11
393,10
395,12
397,15
399,9
401,26
403,9
405,9
407,10
409,9
411,9
413,14
415,9
417,10
419,12
421,11
423,9
425,10
427,11
429,9
431,10
433,9
435,11
437,10
439,9
441,9
443,30
445,9
447,10
449,20
451,9
453,9
455,10
457,63
459,9
461,10
463,25
465,9
467,10
469,9
471,9
473,12
475,9
477,10
479,12
481,9
483,9
485,24
487,19
489,9
491,26
493,9
495,9
497,14
499,9
501,9
503,10
505,9
507,9
509,9
511,13
513,12
515,10
517,11
519,13
521,10
523,13
525,10
527,20
529,19
531,15
533,10
535,15
537,10
539,12
541,17
543,13
545,10
547,19
549,11
551,18
553,13
555,11
557,10
559,11
561,10
563,10
565,11
567,10
569,12
571,13
573,41
575,10
577,11
579,12
581,10
583,17
585,10
587,14
589,11
591,10
593,10
595,11
597,11
599,16
601,11
603,10
605,10
607,19
609,11
611,14
613,21
615,10
617,14
619,11
621,11
623,10
625,11
627,10
629,12
631,13
633,12
635,10
637,303
639,11
641,10
643,13
645,10
647,12
649,11
651,10
653,14
655,13
657,10
659,16
661,17
663,12
665,10
667,11
669,13
671,10
673,17
675,10
677,10
679,15
681,11
683,12
685,13
687,10
689,12
691,15
693,10
695,20
697,31
699,15
701,14
703,13
705,12
707,10
709,15
711,10
713,10
715,13
717,10
719,16
721,11
723,12
725,12
727,11
729,11
731,10
733,13
735,12
737,12
739,15
741,10
743,10
745,11
747,10
749,12
751,11
753,10
755,10
757,11
759,11
761,10
763,489
765,11
767,10
769,11
771,11
773,10
775,13
777,12
779,144
781,13
783,10
785,10
787,15
789,11
791,10
793,17
795,10
797,10
799,11
801,10
803,14
805,15
807,18
809,636
811,11
813,10
815,14
817,11
819,11
821,18
823,13
825,10
827,10
829,19
831,10
833,10
835,11
837,12
839,12
841,13
843,10
845,10
847,11
849,17
851,10
853,41
855,11
857,10
859,13
861,10
863,18
865,51
867,10
869,16
871,13
873,10
875,10
877,11
879,12
881,26
883,13
885,10
887,10
889,17
891,14
893,10
895,11
897,10
899,24
901,17
903,16
905,12
907,291
909,12
911,10
913,25
915,10
917,10
919,11
921,10
923,10
925,11
927,10
929,12
931,11
933,12
935,10
937,19
939,11
941,10
943,21
945,10
947,278
949,13
951,10
953,10
955,11
957,10
959,12
961,11
963,10
965,10
967,31
969,15
971,10
973,13
975,12
977,10
979,11
981,10
983,10
985,11
987,10
989,20
991,19
993,10
995,10
997,11
999,11
1001,10
1003,17
1005,10
1007,10
1009,11
1011,10
1013,10
1015,11
1017,10
1019,10
1021,10
1023,14
1025,14
1027,11
1029,11
1031,30
1033,13
1035,11
1037,16
1039,11
1041,13
1043,18
1045,15
1047,12
1049,24
1051,11
1053,14
1055,12
1057,11
1059,12
1061,970
1063,13
1065,11
1067,18
1069,15
1071,11
1073,12
1075,19
1077,11
1079,32
1081,11
1083,13
1085,12
1087,35
1089,13
1091,26
1093,37
1095,11
1097,12
1099,27
1101,11
1103,16
1105,15
1107,11
1109,20
1111,11
1113,13
1115,14
1117,43
1119,11
1121,14
1123,13
1125,12
1127,12
1129,11
1131,18
1133,12
1135,13
1137,11
1139,12
1141,11
1143,12
1145,18
1147,31
1149,13
1151,14
1153,13
1155,16
1157,12
1159,19
1161,11
1163,16
1165,11
1167,11
1169,12
1171,11
1173,13
1175,18
1177,571
1179,12
1181,38
1183,21
1185,11
1187,12
1189,11
1191,11
1193,12
1195,11
1197,14
1199,12
1201,13
1203,16
1205,50
1207,59
1209,11
1211,14
1213,33
1215,13
1217,12
1219,11
1221,11
1223,14
1225,11
1227,11
1229,396
1231,13
1233,13
1235,12
1237,11
1239,11
1241,42
1243,13
1245,12
1247,14
1249,41
1251,11
1253,12
1255,15
1257,15
1259,12
1261,11
1263,12
1265,16
1267,19
1269,17
1271,18
1273,297
1275,11
1277,12
1279,11
1281,13
1283,14
1285,13
1287,11
1289,32
1291,11
1293,12
1295,12
1297,11
1299,12
1301,14
1303,17
1305,11
1307,12
1309,11
1311,14
1313,16
1315,11
1317,22
1319,12
1321,11
1323,13
1325,26
1327,19
1329,11
1331,14
1333,45
1335,13
1337,18
1339,11
1341,19
1343,12
1345,19
1347,11
1349,16
1351,13
1353,14
1355,12
1357,11
1359,13
1361,22
1363,13
1365,11
1367,12
1369,13
1371,11
1373,44
1375,11
1377,12
1379,16
1381,15
1383,12
1385,12
1387,11
1389,11
1391,18
1393,21
1395,11
1397,12
1399,13
1401,11
1403,12
1405,11
1407,11
1409,12
1411,13
1413,12
1415,14
1417,11
1419,12
1421,18
1423,105
1425,12
1427,14
1429,11
1431,11
1433,12
1435,11
1437,12
1439,12
1441,11
1443,17
1445,14
1447,11
1449,11
1451,126
1453,21
1455,11
1457,20
1459,13
1461,11
1463,12
1465,17
1467,18
1469,16
1471,11
1473,13
1475,12
1477,11
1479,11
1481,706
1483,13
1485,11
1487,12
1489,13
1491,11
1493,14
1495,21
1497,14
1499,16
1501,11
1503,12
1505,12
1507,11
1509,15
1511,34
1513,13
1515,14
1517,12
1519,13
1521,15
1523,16
1525,11
1527,11
1529,16
1531,13
1533,13
1535,18
1537,15
1539,11
1541,14
1543,17
1545,11
1547,12
1549,11
1551,19
1553,12
1555,13
1557,11
1559,16
1561,11
1563,14
1565,12
1567,31
1569,11
1571,14
1573,13
1575,12
1577,20
1579,15
1581,11
1583,20
1585,11
1587,11
1589,60
1591,11
1593,12
1595,18
1597,587
1599,11
1601,14
1603,17
1605,11
1607,16
1609,11
1611,13
1613,14
1615,11
1617,11
1619,12
1621,13
1623,12
1625,14
1627,11
1629,11
1631,14
1633,17
1635,16
1637,12
1639,11
1641,13
1643,14
1645,13
1647,11
1649,12
1651,11
1653,14
1655,12
1657,39
1659,11
1661,14
1663,13
1665,11
1667,14
1669,11
1671,13
1673,12
1675,11
1677,15
1679,12
1681,11
1683,16
1685,12
1687,15
1689,11
1691,18
1693,17
1695,11
1697,12
1699,11
1701,11
1703,12
1705,15
1707,12
1709,20
1711,11
1713,12
1715,12
1717,11
1719,12
1721,38
1723,13
1725,12
1727,14
1729,15
1731,11
1733,16
1735,11
1737,11
1739,12
1741,11
1743,13
1745,12
1747,19
1749,12
1751,14
1753,21
1755,11
1757,12
1759,17
1761,21
1763,12
1765,11
1767,11
1769,20
1771,11
1773,24
1775,16
1777,11
1779,11
1781,18
1783,17
1785,11
1787,12
1789,21
1791,11
1793,14
1795,13
1797,11
1799,12
1801,21
1803,12
1805,18
1807,11
1809,11
1811,22
1813,13
1815,11
1817,16
1819,11
1821,11
1823,12
1825,11
1827,12
1829,12
1831,13
1833,13
1835,14
1837,11
1839,13
1841,14
1843,17
1845,12
1847,14
1849,11
1851,11
1853,12
1855,11
1857,11
1859,12
1861,33
1863,13
1865,14
1867,11
1869,11
1871,REM
1873,33
1875,11
1877,16
1879,17
1881,11
1883,12
1885,11
1887,15
1889,12
1891,11
1893,12
1895,14
1897,11
1899,11
1901,22
1903,17
1905,13
1907,16
1909,11
1911,11
1913,18
1915,13
1917,11
1919,16
1921,11
1923,13
1925,16
1927,15
1929,13
1931,18
1933,29
1935,11
1937,14
1939,11
1941,11
1943,12
1945,11
1947,11
1949,16
1951,11
1953,12
1955,12
1957,103
1959,11
1961,14
1963,13
1965,11
1967,12
1969,11
1971,13
1973,14
1975,11
1977,11
1979,20
1981,11
1983,12
1985,12
1987,11
1989,11
1991,34
1993,13
1995,11
1997,12
1999,19
2001,11
2003,16
2005,11
2007,11
2009,12
2011,11
2013,12
2015,12
2017,11
2019,11
2021,22
2023,17
2025,11
2027,12
2029,11
2031,11
2033,12
2035,11
2037,11
2039,24
2041,11
2043,11
2045,11
2047,27
2049,13
2051,26
2053,21
2055,15
2057,12
2059,13
2061,13
2063,14
2065,15
2067,12
2069,12
2071,13
2073,16
2075,22
2077,19
2079,12
2081,14
2083,25
2085,12
2087,28
2089,17
2091,13
2093,12
2095,21
2097,12
2099,12
2101,13
2103,12
2105,40
2107,15
2109,12
2111,42
2113,13
2115,16
2117,12
2119,13
2121,17
2123,12
2125,13
2127,16
2129,20
2131,15
2133,14
2135,14
2137,15
2139,13
2141,14
2143,73
2145,12
2147,12
2149,13
2151,18
2153,18
2155,13
2157,31
2159,16
2161,19
2163,12
2165,12
2167,183
2169,16
2171,26
2173,21
2175,15
2177,14
2179,21
2181,13
2183,12
2185,13
2187,14
2189,12
2191,15
2193,17
2195,12
2197,35
2199,16
2201,18
2203,93
2205,13
2207,12
2209,15
2211,13
2213,22
2215,15
2217,12
2219,12
2221,23
2223,12
2225,12
2227,19
2229,12
2231,14
2233,37
2235,12
2237,16
2239,13
2241,14
2243,24
2245,27
2247,20
2249,12
2251,15
2253,13
2255,16
2257,287
2259,15
2261,34
2263,29
2265,12
2267,34
2269,13
2271,15
2273,12
2275,15
2277,14
2279,28
2281,23
2283,22
2285,12
2287,27
2289,13
2291,50
2293,REM
2295,12
2297,14
2299,15
2301,14
2303,14
2305,17
2307,12
2309,12
2311,13
2313,12
2315,18
2317,23
2319,12
2321,18
2323,13
2325,13
2327,14
2329,29
2331,13
2333,14
2335,13
2337,12
2339,16
2341,13
2343,12
2345,38
2347,39
2349,12
2351,14
2353,13
2355,12
2357,16
2359,19
2361,18
2363,12
2365,13
2367,32
2369,20
2371,13
2373,12
2375,12
2377,15
2379,13
2381,26
2383,61
2385,13
2387,12
2389,17
2391,13
2393,18
2395,17
2397,12
2399,12
2401,13
2403,12
2405,16
2407,19
2409,13
2411,18
2413,13
2415,17
2417,14
2419,19
2421,14
2423,16
2425,21
2427,12
2429,12
2431,21
2433,12
2435,36
2437,35
2439,12
2441,254
2443,13
2445,15
2447,18
2449,13
2451,13
2453,14
2455,13
2457,16
2459,12
2461,15
2463,14
2465,26
2467,23
2469,12
2471,14
2473,17
2475,12
2477,12
2479,19
2481,13
2483,12
2485,23
2487,12
2489,12
2491,13
2493,28
2495,12
2497,15
2499,12
2501,14
2503,13
2505,14
2507,14
2509,13
2511,14
2513,12
2515,15
2517,12
2519,52
2521,17
2523,13
2525,12
2527,15
2529,12
2531,34
2533,13
2535,13
2537,12
2539,13
2541,13
2543,12
2545,13
2547,12
2549,16
2551,13
2553,12
2555,14
2557,15
2559,25
2561,18
2563,17
2565,12
2567,16
2569,13
2571,15
2573,12
2575,23
2577,14
2579,20
2581,15
2583,17
2585,12
2587,15
2589,17
2591,466
2593,25
2595,14
2597,12
2599,15
2601,13
2603,12
2605,17
2607,12
2609,12
2611,13
2613,12
2615,12
2617,19
2619,13
2621,14
2623,13
2625,12
2627,14
2629,13
2631,15
2633,14
2635,13
2637,12
2639,16
2641,17
2643,12
2645,12
2647,19
2649,12
2651,26
2653,53
2655,14
2657,12
2659,15
2661,13
2663,12
2665,13
2667,12
2669,12
2671,13
2673,12
2675,14
2677,15
2679,15
2681,22
2683,17
2685,13
2687,12
2689,13
2691,13
2693,14
2695,17
2697,12
2699,24
2701,25
2703,14
2705,14
2707,19
2709,13
2711,122
2713,13
2715,12
2717,16
2719,23
2721,13
2723,12
2725,17
2727,27
2729,12
2731,17
2733,17
2735,12
2737,19
2739,15
2741,22
2743,13
2745,16
2747,18
2749,13
2751,13
2753,24
2755,13
2757,14
2759,32
2761,13
2763,16
2765,14
2767,111
2769,12
2771,14
2773,13
2775,12
2777,12
2779,13
2781,17
2783,16
2785,13
2787,14
2789,12
2791,19
2793,12
2795,12
2797,19
2799,12
2801,26
2803,25
2805,12
2807,12
2809,15
2811,13
2813,12
2815,17
2817,12
2819,12
2821,15
2823,18
2825,28
2827,23
2829,29
2831,14
2833,17
2835,16
2837,12
2839,25
2841,13
2843,22
2845,13
2847,12
2849,16
2851,15
2853,16
2855,24
2857,31
2859,12
2861,14
2863,57
2865,12
2867,12
2869,13
2871,14
2873,12
2875,21
2877,16
2879,12
2881,21
2883,12
2885,14
2887,15
2889,13
2891,30
2893,29
2895,12
2897,14
2899,17
2901,15
2903,12
2905,15
2907,14
2909,12
2911,13
2913,13
2915,12
2917,15
2919,13
2921,14
2923,25
2925,12
2927,14
2929,19
2931,13
2933,12
2935,15
2937,27
2939,16
2941,23
2943,12
2945,12
2947,27
2949,15
2951,22
2953,17
2955,13
2957,30
2959,13
2961,13
2963,14
2965,13
2967,12
2969,20
2971,19
2973,12
2975,18
2977,1371
2979,12
2981,18
2983,13
2985,14
2987,12
2989,19
2991,26
2993,12
2995,13
2997,16
2999,12
3001,29
3003,12
3005,12
3007,15
3009,12
3011,34
3013,13
3015,15
3017,14
3019,17
3021,13
3023,18
3025,13
3027,12
3029,16
3031,23
3033,12
3035,12
3037,19
3039,13
3041,26
3043,21
3045,12
3047,12
3049,33
3051,15
3053,14
3055,25
3057,12
3059,16
3061,21
3063,12
3065,12
3067,35
3069,16
3071,14
3073,13
3075,12
3077,12
3079,13
3081,35
3083,12
3085,13
3087,12
3089,20
3091,13
3093,13
3095,26
3097,15
3099,12
3101,26
3103,29
3105,12
3107,20
3109,19
3111,13
3113,12
3115,13
3117,14
3119,12
3121,17
3123,22
3125,12
3127,15
3129,12
3131,50
3133,13
3135,14
3137,28
3139,15
3141,13
3143,12
3145,23
3147,22
3149,12
3151,17
3153,13
3155,12
3157,15
3159,12
3161,18
3163,101
3165,14
3167,12
3169,13
3171,13
3173,18
3175,25
3177,12
3179,20
3181,13
3183,13
3185,12
3187,15
3189,12
3191,34
3193,13
3195,15
3197,14
3199,13
3201,14
3203,28
3205,13
3207,14
3209,12
3211,23
3213,12
3215,12
3217,147
3219,12
3221,14
3223,13
3225,13
3227,18
3229,17
3231,15
3233,12
3235,13
3237,12
3239,12
3241,13
3243,12
3245,30
3247,19
3249,13
3251,54
3253,17
3255,13
3257,12
3259,13
3261,13
3263,14
3265,17
3267,12
3269,12
3271,21
3273,12
3275,12
3277,23
3279,19
3281,14
3283,13
3285,12
3287,12
3289,13
3291,14
3293,78
3295,15
3297,18
3299,12
3301,37
3303,13
3305,22
3307,19
3309,12
3311,26
3313,257
3315,13
3317,16
3319,19
3321,13
3323,12
3325,15
3327,12
3329,16
3331,13
3333,17
3335,12
3337,31
3339,12
3341,14
3343,57
3345,12
3347,14
3349,31
3351,14
3353,12
3355,17
3357,12
3359,24
3361,13
3363,12
3365,16
3367,15
3369,12
3371,22
3373,45
3375,13
3377,12
3379,13
3381,14
3383,14
3385,15
3387,12
3389,196
3391,13
3393,13
3395,12
3397,23
3399,13
3401,14
3403,13
3405,12
3407,16
3409,13
3411,14
3413,12
3415,17
3417,14
3419,12
3421,15
3423,12
3425,14
3427,1411
3429,15
3431,14
3433,13
3435,12
3437,12
3439,29
3441,13
3443,12
3445,65
3447,18
3449,12
3451,19
3453,12
3455,12
3457,15
3459,13
3461,14
3463,13
3465,12
3467,14
3469,13
3471,13
3473,14
3475,17
3477,12
3479,12
3481,15
3483,12
3485,14
3487,31
3489,12
3491,14
3493,17
3495,12
3497,12
3499,15
3501,13
3503,12
3505,23
3507,18
3509,12
3511,25
3513,13
3515,20
3517,15
3519,12
3521,18
3523,17
3525,12
3527,12
3529,13
3531,14
3533,12
3535,13
3537,15
3539,12
3541,13
3543,13
3545,16
3547,15
3549,12
3551,30
3553,13
3555,12
3557,16
3559,15
3561,14
3563,14
3565,17
3567,15
3569,16
3571,13
3573,12
3575,12
3577,15
3579,17
3581,18
3583,25
3585,14
3587,12
3589,13
3591,17
3593,12
3595,13
3597,12
3599,28
3601,13
3603,14
3605,12
3607,23
3609,12
3611,474
3613,269
3615,15
3617,12
3619,17
3621,14
3623,18
3625,13
3627,14
3629,12
3631,13
3633,12
3635,12
3637,15
3639,12
3641,14
3643,13
3645,13
3647,12
3649,17
3651,33
3653,12
3655,19
3657,12
3659,32
3661,21
3663,12
3665,12
3667,15
3669,13
3671,14
3673,13
3675,12
3677,12
3679,13
3681,14
3683,20
3685,13
3687,12
3689,28
3691,15
3693,16
3695,12
3697,487
3699,12
3701,18
3703,21
3705,15
3707,12
3709,13
3711,13
3713,12
3715,29
3717,12
3719,56
3721,19
3723,12
3725,14
3727,23
3729,12
3731,14
3733,29
3735,13
3737,12
3739,19
3741,13
3743,12
3745,13
3747,12
3749,12
3751,13
3753,28
3755,16
3757,27
3759,12
3761,2094
3763,21
3765,12
3767,20
3769,13
3771,13
3773,14
3775,17
3777,24
3779,12
3781,17
3783,12
3785,12
3787,23
3789,12
3791,18
3793,21
3795,13
3797,20
3799,25
3801,13
3803,12
3805,21
3807,14
3809,20
3811,17
3813,12
3815,12
3817,83
3819,12
3821,REM
3823,17
3825,12
3827,12
3829,13
3831,14
3833,12
3835,13
3837,14
3839,12
3841,15
3843,13
3845,12
3847,15
3849,16
3851,22
3853,13
3855,12
3857,12
3859,15
3861,18
3863,12
3865,13
3867,12
3869,12
3871,27
3873,12
3875,22
3877,19
3879,16
3881,14
3883,17
3885,12
3887,14
3889,15
3891,18
3893,14
3895,13
3897,12
3899,12
3901,15
3903,12
3905,12
3907,19
3909,13
3911,14
3913,61
3915,12
3917,12
3919,13
3921,13
3923,12
3925,15
3927,14
3929,12
3931,13
3933,12
3935,22
3937,23
3939,12
3941,26
3943,129
3945,12
3947,12
3949,13
3951,13
3953,16
3955,15
3957,12
3959,12
3961,13
3963,13
3965,12
3967,23
3969,12
3971,14
3973,13
3975,13
3977,16
3979,15
3981,13
3983,12
3985,41
3987,12
3989,12
3991,13
3993,12
3995,12
3997,15
3999,12
4001,18
4003,21
4005,14
4007,12
4009,15
4011,14
4013,12
4015,13
4017,12
4019,44
4021,17
4023,12
4025,12
4027,39
4029,12
4031,18
4033,13
4035,12
4037,12
4039,13
4041,14
4043,12
4045,15
4047,19
4049,12
4051,21
4053,12
4055,12
4057,15
4059,12
4061,14
4063,13
4065,12
4067,12
4069,41
4071,15
4073,12
4075,19
4077,12
4079,12
4081,13
4083,12
4085,12
4087,35
4089,12
4091,12
4093,12
4095,14
4097,20
4099,13
4101,13
4103,14
4105,15
4107,14
4109,28
4111,15
4113,13
4115,14
4117,31
4119,13
4121,14
4123,17
4125,15
4127,16
4129,17
4131,14
4133,14
4135,13
4137,15
4139,20
4141,13
4143,13
4145,14
4147,15
4149,15
4151,18
4153,21
4155,16
4157,14
4159,17
4161,15
4163,18
4165,13
4167,20
4169,220
4171,13
4173,13
4175,24
4177,15
4179,13
4181,14
4183,93
4185,13
4187,14
4189,13
4191,13
4193,16
4195,15
4197,15
4199,32
4201,31
4203,13
4205,16
4207,23
4209,15
4211,22
4213,17
4215,17
4217,26
4219,15
4221,14
4223,14
4225,13
4227,14
4229,20
4231,15
4233,17
4235,14
4237,39
4239,16
4241,14
4243,25
4245,13
4247,22
4249,13
4251,15
4253,16
4255,15
4257,19
4259,36
4261,13
4263,13
4265,14
4267,19
4269,13
4271,14
4273,13
4275,13
4277,14
4279,81
4281,13
4283,14
4285,13
4287,14
4289,20
4291,15
4293,20
4295,22
4297,55
4299,19
4301,26
4303,13
4305,15
4307,18
4309,31
4311,13
4313,14
4315,13
4317,19
4319,20
4321,15
4323,21
4325,16
4327,REM
4329,13
4331,42
4333,17
4335,14
4337,24
4339,13
4341,13
4343,14
4345,13
4347,14
4349,20
4351,21
4353,17
4355,68
4357,15
4359,13
4361,18
4363,233
4365,15
4367,16
4369,13
4371,13
4373,14
4375,15
4377,14
4379,76
4381,15
4383,16
4385,16
4387,23
4389,13
4391,50
4393,21
4395,13
4397,14
4399,13
4401,22
4403,14
4405,27
4407,16
4409,20
4411,25
4413,13
4415,14
4417,15
4419,15
4421,22
4423,13
4425,13
4427,18
4429,21
4431,13
4433,18
4435,27
4437,16
4439,28
4441,17
4443,14
4445,14
4447,39
4449,15
4451,14
4453,13
4455,18
4457,14
4459,13
4461,14
4463,24
4465,13
4467,23
4469,32
4471,15
4473,13
4475,14
4477,31
4479,15
4481,14
4483,13
4485,15
4487,14
4489,15
4491,13
4493,16
4495,13
4497,14
4499,64
4501,13
4503,26
4505,16
4507,279
4509,16
4511,22
4513,29
4515,13
4517,14
4519,13
4521,13
4523,20
4525,17
4527,24
4529,16
4531,17
4533,13
4535,16
4537,23
4539,15
4541,22
4543,25
4545,14
4547,28
4549,13
4551,14
4553,14
4555,13
4557,14
4559,132
4561,13
4563,14
4565,32
4567,15
4569,13
4571,14
4573,17
4575,13
4577,14
4579,13
4581,17
4583,14
4585,13
4587,15
4589,48
4591,17
4593,16
4595,14
4597,19
4599,13
4601,14
4603,21
4605,14
4607,14
4609,13
4611,13
4613,16
4615,17
4617,15
4619,16
4621,13
4623,16
4625,18
4627,51
4629,17
4631,22
4633,13
4635,13
4637,16
4639,17
4641,14
4643,18
4645,13
4647,16
4649,16
4651,13
4653,13
4655,18
4657,15
4659,13
4661,22
4663,13
4665,13
4667,14
4669,15
4671,15
4673,22
4675,13
4677,16
4679,20
4681,13
4683,14
4685,14
4687,15
4689,27
4691,130
4693,13
4695,14
4697,18
4699,15
4701,13
4703,14
4705,25
4707,14
4709,36
4711,15
4713,17
4715,16
4717,15
4719,20
4721,22
4723,13
4725,13
4727,14
4729,13
4731,13
4733,20
4735,13
4737,15
4739,20
4741,15
4743,13
4745,18
4747,23
4749,15
4751,14
4753,33
4755,17
4757,16
4759,13
4761,17
4763,14
4765,17
4767,14
4769,24
4771,15
4773,16
4775,16
4777,187
4779,13
4781,62
4783,21
4785,13
4787,14
4789,19
4791,14
4793,18
4795,29
4797,14
4799,16
4801,13
4803,13
4805,14
4807,15
4809,16
4811,26
4813,381
4815,15
4817,16
4819,13
4821,13
4823,18
4825,15
4827,15
4829,20
4831,13
4833,13
4835,14
4837,59
4839,17
4841,34
4843,17
4845,13
4847,16
4849,13
4851,15
4853,20
4855,19
4857,14
4859,56
4861,13
4863,13
4865,14
4867,15
4869,13
4871,18
4873,13
4875,15
4877,16
4879,13
4881,14
4883,28
4885,13
4887,14
4889,16
4891,13
4893,13
4895,14
4897,19
4899,16
4901,14
4903,21
4905,16
4907,24
4909,21
4911,33
4913,14
4915,19
4917,14
4919,16
4921,13
4923,18
4925,16
4927,31
4929,16
4931,22
4933,13
4935,13
4937,14
4939,13
4941,13
4943,58
4945,15
4947,14
4949,28
4951,15
4953,22
4955,18
4957,179
4959,15
4961,14
4963,13
4965,15
4967,18
4969,15
4971,13
4973,14
4975,13
4977,15
4979,20
4981,19
4983,13
4985,14
4987,19
4989,13
4991,14
4993,17
4995,15
4997,16
4999,31
5001,13
5003,18
5005,13
5007,30
5009,16
5011,13
5013,26
5015,14
5017,15
5019,15
5021,18
5023,13
5025,13
5027,16
5029,13
5031,14
5033,14
5035,15
5037,18
5039,16
5041,17
5043,16
5045,18
5047,31
5049,17
5051,18
5053,17
5055,13
5057,28
5059,17
5061,17
5063,14
5065,45
5067,14
5069,452
5071,13
5073,13
5075,18
5077,15
5079,15
5081,22
5083,13
5085,14
5087,16
5089,23
5091,18
5093,16
5095,15
5097,14
5099,144
5101,35
5103,13
5105,14
5107,27
5109,13
5111,14
5113,13
5115,15
5117,22
5119,23
5121,15
5123,14
5125,13
5127,14
5129,52
5131,13
5133,14
5135,78
5137,15
5139,16
5141,14
5143,13
5145,14
5147,228
5149,25
5151,13
5153,16
5155,13
5157,15
5159,24
5161,65
5163,16
5165,24
5167,19
5169,13
5171,14
5173,13
5175,17
5177,18
5179,23
5181,13
5183,16
5185,15
5187,14
5189,24
5191,13
5193,13
5195,26
5197,19
5199,16
5201,82
5203,29
5205,16
5207,14
5209,17
5211,14
5213,14
5215,33
5217,15
5219,16
5221,13
5223,13
5225,14
5227,15
5229,13
5231,26
5233,25
5235,13
5237,28
5239,13
5241,15
5243,16
5245,51
5247,16
5249,32
5251,17
5253,13
5255,18
5257,19
5259,15
5261,30
5263,21
5265,13
5267,14
5269,17
5271,14
5273,68
5275,13
5277,16
5279,16
5281,15
5283,13
5285,16
5287,15
5289,13
5291,14
5293,29
5295,13
5297,14
5299,19
5301,14
5303,22
5305,13
5307,19
5309,24
5311,15
5313,13
5315,14
5317,31
5319,15
5321,82
5323,349
5325,14
5327,14
5329,17
5331,13
5333,22
5335,13
5337,14
5339,700
5341,13
5343,18
5345,18
5347,27
5349,13
5351,26
5353,65
5355,13
5357,14
5359,13
5361,15
5363,20
5365,17
5367,16
5369,16
5371,15
5373,13
5375,16
5377,19
5379,17
5381,14
5383,21
5385,17
5387,16
5389,13
5391,13
5393,20
5395,13
5397,14
5399,20
5401,13
5403,13
5405,14
5407,15
5409,16
5411,14
5413,17
5415,13
5417,30
5419,269
5421,17
5423,18
5425,13
5427,14
5429,16
5431,15
5433,16
5435,14
5437,23
5439,13
5441,26
5443,13
5445,14
5447,14
5449,21
5451,13
5453,16
5455,17
5457,18
5459,16
5461,13
5463,13
5465,20
5467,51
5469,15
5471,114
5473,13
5475,14
5477,22
5479,13
5481,13
5483,18
5485,13
5487,15
5489,68
5491,15
5493,13
5495,14
5497,15
5499,13
5501,14
5503,13
5505,13
5507,16
5509,13
5511,23
5513,22
5515,13
5517,14
5519,16
5521,13
5523,14
5525,14
5527,15
5529,13
5531,14
5533,13
5535,13
5537,14
5539,21
5541,18
5543,26
5545,13
5547,14
5549,32
5551,19
5553,14
5555,16
5557,15
5559,13
5561,86
5563,17
5565,16
5567,18
5569,31
5571,13
5573,28
5575,13
5577,15
5579,16
5581,23
5583,13
5585,14
5587,23
5589,15
5591,22
5593,25
5595,14
5597,78
5599,13
5601,13
5603,14
5605,35
5607,16
5609,48
5611,25
5613,13
5615,16
5617,71
5619,17
5621,30
5623,29
5625,15
5627,18
5629,77
5631,14
5633,22
5635,13
5637,26
5639,72
5641,13
5643,13
5645,14
5647,47
5649,13
5651,14
5653,13
5655,14
5657,16
5659,15
5661,13
5663,28
5665,15
5667,19
5669,28
5671,13
5673,14
5675,14
5677,15
5679,20
5681,30
5683,65
5685,17
5687,22
5689,13
5691,15
5693,14
5695,15
5697,14
5699,32
5701,15
5703,16
5705,26
5707,15
5709,15
5711,126
5713,37
5715,13
5717,14
5719,13
5721,14
5723,36
5725,13
5727,14
5729,48
5731,21
5733,13
5735,24
5737,15
5739,16
5741,50
5743,17
5745,13
5747,20
5749,23
5751,13
5753,14
5755,13
5757,14
5759,24
5761,17
5763,21
5765,16
5767,19
5769,13
5771,14
5773,17
5775,13
5777,14
5779,19
5781,13
5783,14
5785,17
5787,14
5789,16
5791,21
5793,13
5795,14
5797,23
5799,13
5801,30
5803,13
5805,21
5807,16
5809,13
5811,13
5813,16
5815,13
5817,14
5819,44
5821,13
5823,28
5825,14
5827,35
5829,16
5831,18
5833,21
5835,13
5837,16
5839,29
5841,13
5843,16
5845,13
5847,15
5849,60
5851,13
5853,13
5855,14
5857,19
5859,13
5861,122
5863,601
5865,15
5867,16
5869,21
5871,14
5873,16
5875,15
5877,15
5879,60
5881,13
5883,13
5885,14
5887,15
5889,15
5891,22
5893,25
5895,13
5897,14
5899,13
5901,19
5903,68
5905,13
5907,14
5909,16
5911,13
5913,21
5915,16
5917,279
5919,13
5921,14
5923,13
5925,13
5927,14
5929,15
5931,14
5933,18
5935,15
5937,22
5939,28
5941,13
5943,20
5945,18
5947,15
5949,13
5951,14
5953,13
5955,13
5957,14
5959,17
5961,19
5963,18
5965,17
5967,15
5969,16
5971,13
5973,33
5975,16
5977,19
5979,13
5981,18
5983,33
5985,13
5987,30
5989,13
5991,15
5993,14
5995,57
5997,16
5999,20
6001,21
6003,21
6005,20
6007,383
6009,15
6011,18
6013,13
6015,14
6017,34
6019,17
6021,23
6023,16
6025,27
6027,14
6029,48
6031,13
6033,22
6035,22
6037,15
6039,13
6041,14
6043,17
6045,15
6047,14
6049,13
6051,13
6053,14
6055,13
6057,15
6059,160
6061,13
6063,13
6065,16
6067,15
6069,15
6071,14
6073,45
6075,15
6077,28
6079,13
6081,13
6083,14
6085,15
6087,15
6089,16
6091,17
6093,13
6095,14
6097,19
6099,15
6101,22
6103,13
6105,13
6107,20
6109,13
6111,13
6113,14
6115,31
6117,14
6119,16
6121,15
6123,13
6125,14
6127,15
6129,13
6131,14
6133,37
6135,15
6137,14
6139,13
6141,14
6143,16
6145,25
6147,34
6149,16
6151,19
6153,13
6155,18
6157,19
6159,16
6161,14
6163,13
6165,13
6167,16
6169,27
6171,15
6173,14
6175,13
6177,15
6179,16
6181,13
6183,18
6185,16
6187,19
6189,13
6191,14
6193,13
6195,13
6197,18
6199,13
6201,21
6203,14
6205,13
6207,14
6209,32
6211,15
6213,13
6215,14
6217,35
6219,13
6221,14
6223,57
6225,14
6227,18
6229,15
6231,19
6233,14
6235,33
6237,18
6239,644
6241,13
6243,13
6245,14
6247,6511
6249,17
6251,14
6253,17
6255,15
6257,18
6259,13
6261,13
6263,16
6265,35
6267,15
6269,REM
6271,15
6273,14
6275,18
6277,155
6279,13
6281,14
6283,69
6285,13
6287,22
6289,15
6291,13
6293,14
6295,17
6297,16
6299,28
6301,17
6303,13
6305,14
6307,19
6309,15
6311,78
6313,13
6315,13
6317,14
6319,13
6321,13
6323,14
6325,13
6327,16
6329,16
6331,13
6333,17
6335,20
6337,15
6339,16
6341,18
6343,29
6345,13
6347,14
6349,23
6351,15
6353,16
6355,17
6357,19
6359,44
6361,13
6363,22
6365,20
6367,27
6369,13
6371,1442
6373,17
6375,14
6377,14
6379,17
6381,13
6383,20
6385,23
6387,16
6389,20
6391,13
6393,17
6395,16
6397,15
6399,17
6401,18
6403,13
6405,13
6407,26
6409,13
6411,14
6413,16
6415,13
6417,14
6419,32
6421,15
6423,16
6425,26
6427,19
6429,15
6431,18
6433,13
6435,14
6437,28
6439,13
6441,23
6443,14
6445,13
6447,15
6449,56
6451,13
6453,14
6455,14
6457,19
6459,13
6461,14
6463,21
6465,18
6467,16
6469,13
6471,13
6473,16
6475,15
6477,14
6479,28
6481,45
6483,13
6485,16
6487,51
6489,20
6491,18
6493,13
6495,13
6497,14
6499,13
6501,14
6503,18
6505,15
6507,15
6509,28
6511,17
6513,14
6515,16
6517,15
6519,15
6521,34
6523,13
6525,13
6527,14
6529,13
6531,15
6533,14
6535,13
6537,20
6539,16
6541,15
6543,17
6545,14
6547,35
6549,19
6551,14
6553,29
6555,13
6557,16
6559,15
6561,35
6563,22
6565,13
6567,14
6569,16
6571,13
6573,13
6575,20
6577,19
6579,13
6581,14
6583,13
6585,13
6587,24
6589,27
6591,13
6593,14
6595,13
6597,14
6599,16
6601,17
6603,14
6605,30
6607,15
6609,13
6611,150
6613,13
6615,14
6617,14
6619,27
6621,13
6623,16
6625,13
6627,15
6629,16
6631,23
6633,13
6635,14
6637,103
6639,13
6641,14
6643,13
6645,14
6647,16
6649,13
6651,14
6653,44
6655,15
6657,15
6659,24
6661,13
6663,14
6665,14
6667,23
6669,13
6671,18
6673,29
6675,18
6677,18
6679,19
6681,13
6683,20
6685,15
6687,14
6689,24
6691,19
6693,13
6695,14
6697,31
6699,13
6701,18
6703,13
6705,13
6707,14
6709,13
6711,13
6713,20
6715,15
6717,19
6719,20
6721,13
6723,14
6725,18
6727,15
6729,17
6731,18
6733,13
6735,14
6737,42
6739,13
6741,13
6743,60
6745,13
6747,15
6749,16
6751,15
6753,13
6755,14
6757,111
6759,13
6761,14
6763,13
6765,13
6767,22
6769,13
6771,14
6773,16
6775,17
6777,19
6779,16
6781,17
6783,13
6785,32
6787,15
6789,19
6791,34
6793,13
6795,16
6797,14
6799,15
6801,19
6803,16
6805,23
6807,19
6809,16
6811,13
6813,26
6815,18
6817,15
6819,13
6821,22
6823,17
6825,13
6827,24
6829,15
6831,13
6833,14
6835,15
6837,14
6839,20
6841,17
6843,16
6845,14
6847,47
6849,15
6851,14
6853,53
6855,15
6857,16
6859,17
6861,26
6863,14
6865,13
6867,22
6869,108
6871,13
6873,13
6875,16
6877,19
6879,15
6881,34
6883,4641
6885,13
6887,14
6889,13
6891,13
6893,14
6895,13
6897,18
6899,24
6901,13
6903,13
6905,14
6907,19
6909,13
6911,14
6913,13
6915,13
6917,14
6919,15
6921,14
6923,14
6925,17
6927,15
6929,28
6931,383
6933,13
6935,16
6937,95
6939,17
6941,22
6943,13
6945,14
6947,14
6949,15
6951,14
6953,14
6955,13
6957,16
6959,20
6961,13
6963,13
6965,14
6967,15
6969,13
6971,14
6973,37
6975,13
6977,34
6979,13
6981,14
6983,40
6985,17
6987,14
6989,28
6991,13
6993,14
6995,18
6997,15
6999,13
7001,22
7003,49
7005,13
7007,14
7009,15
7011,13
7013,14
7015,25
7017,18
7019,36
7021,13
7023,18
7025,16
7027,15
7029,13
7031,58
7033,21
7035,14
7037,18
7039,13
7041,13
7043,14
7045,19
7047,14
7049,72
7051,15
7053,22
7055,16
7057,2783
7059,16
7061,14
7063,13
7065,14
7067,18
7069,13
7071,17
7073,14
7075,13
7077,19
7079,20
7081,19
7083,13
7085,16
7087,43
7089,13
7091,14
7093,17
7095,13
7097,16
7099,13
7101,13
7103,14
7105,13
7107,14
7109,16
7111,15
7113,46
7115,20
7117,67
7119,16
7121,18
7123,13
7125,15
7127,14
7129,13
7131,13
7133,16
7135,15
7137,18
7139,24
7141,13
7143,13
7145,14
7147,15
7149,17
7151,18
7153,13
7155,20
7157,14
7159,13
7161,13
7163,14
7165,15
7167,15
7169,16
7171,13
7173,13
7175,14
7177,71
7179,13
7181,14
7183,13
7185,14
7187,24
7189,15
7191,15
7193,22
7195,13
7197,14
7199,16
7201,13
7203,14
7205,24
7207,15
7209,13
7211,14
7213,21
7215,13
7217,18
7219,17
7221,13
7223,14
7225,13
7227,14
7229,40
7231,15
7233,14
7235,22
7237,23
7239,13
7241,26
7243,17
7245,13
7247,14
7249,31
7251,13
7253,28
7255,13
7257,14
7259,20
7261,27
7263,13
7265,16
7267,23
7269,17
7271,18
7273,13
7275,14
7277,30
7279,21
7281,13
7283,22
7285,13
7287,18
7289,24
7291,121
7293,14
7295,20
7297,15
7299,15
7301,98
7303,89
7305,13
7307,16
7309,13
7311,13
7313,18
7315,13
7317,14
7319,16
7321,15
7323,20
7325,14
7327,31
7329,13
7331,38
7333,13
7335,13
7337,16
7339,13
7341,14
7343,14
7345,15
7347,16
7349,24
7351,25
7353,13
7355,14
7357,15
7359,15
7361,18
7363,13
7365,13
7367,16
7369,13
7371,13
7373,14
7375,25
7377,14
7379,28
7381,13
7383,13
7385,14
7387,1683
7389,16
7391,18
7393,41
7395,13
7397,18
7399,23
7401,15
7403,18
7405,13
7407,16
7409,20
7411,15
7413,14
7415,14
7417,19
7419,13
7421,14
7423,13
7425,15
7427,16
7429,15
7431,13
7433,14
7435,13
7437,16
7439,20
7441,13
7443,14
7445,18
7447,15
7449,13
7451,14
7453,13
7455,14
7457,20
7459,13
7461,14
7463,16
7465,13
7467,15
7469,16
7471,17
7473,13
7475,16
7477,19
7479,16
7481,18
7483,13
7485,18
7487,16
7489,17
7491,13
7493,16
7495,19
7497,14
7499,20
7501,13
7503,22
7505,16
7507,15
7509,13
7511,102
7513,293
7515,13
7517,14
7519,13
7521,14
7523,14
7525,15
7527,24
7529,348
7531,13
7533,13
7535,14
7537,115
7539,13
7541,26
7543,45
7545,13
7547,14
7549,13
7551,13
7553,14
7555,17
7557,22
7559,16
7561,13
7563,14
7565,14
7567,19
7569,17
7571,30
7573,13
7575,13
7577,14
7579,13
7581,14
7583,30
7585,13
7587,18
7589,16
7591,13
7593,13
7595,20
7597,15
7599,13
7601,14
7603,25
7605,13
7607,18
7609,19
7611,21
7613,16
7615,13
7617,20
7619,16
7621,13
7623,13
7625,18
7627,67
7629,13
7631,14
7633,17
7635,13
7637,14
7639,17
7641,15
7643,14
7645,13
7647,14
7649,80
7651,13
7653,14
7655,16
7657,15
7659,29
7661,118
7663,21
7665,14
7667,30
7669,13
7671,13
7673,26
7675,17
7677,14
7679,24
7681,15
7683,13
7685,14
7687,23
7689,13
7691,14
7693,13
7695,14
7697,16
7699,17
7701,13
7703,14
7705,13
7707,14
7709,1364
7711,15
7713,13
7715,14
7717,127
7719,20
7721,14
7723,29
7725,13
7727,16
7729,13
7731,13
7733,16
7735,13
7737,14
7739,24
7741,45
7743,13
7745,16
7747,19
7749,13
7751,126
7753,13
7755,14
7757,14
7759,13
7761,13
7763,16
7765,17
7767,18
7769,20
7771,13
7773,13
7775,14
7777,23
7779,15
7781,54
7783,13
7785,14
7787,14
7789,15
7791,13
7793,20
7795,13
7797,15
7799,16
7801,15
7803,13
7805,16
7807,387
7809,13
7811,14
7813,13
7815,15
7817,16
7819,13
7821,14
7823,16
7825,13
7827,16
7829,20
7831,19
7833,13
7835,54
7837,39
7839,13
7841,14
7843,13
7845,13
7847,14
7849,15
7851,15
7853,18
7855,13
7857,14
7859,20
7861,13
7863,14
7865,18
7867,19
7869,16
7871,14
7873,29
7875,13
7877,24
7879,13
7881,13
7883,14
7885,13
7887,16
7889,60
7891,15
7893,82
7895,16
7897,19
7899,13
7901,26
7903,17
7905,20
7907,22
7909,13
7911,13
7913,86
7915,13
7917,14
7919,20
7921,13
7923,13
7925,20
7927,15
7929,13
7931,18
7933,417
7935,13
7937,14
7939,19
7941,13
7943,16
7945,17
7947,15
7949,16
7951,13
7953,13
7955,14
7957,31
7959,13
7961,14
7963,13
7965,13
7967,26
7969,13
7971,33
7973,28
7975,15
7977,16
7979,16
7981,13
7983,18
7985,22
7987,15
7989,17
7991,22
7993,13
7995,13
7997,14
7999,13
8001,13
8003,18
8005,15
8007,14
8009,16
8011,13
8013,13
8015,14
8017,35
8019,13
8021,14
8023,17
8025,13
8027,38
8029,13
8031,14
8033,16
8035,13
8037,19
8039,48
8041,13
8043,13
8045,20
8047,27
8049,16
8051,394
8053,13
8055,13
8057,30
8059,15
8061,13
8063,22
8065,13
8067,14
8069,16
8071,15
8073,14
8075,28
8077,15
8079,13
8081,34
8083,13
8085,13
8087,14
8089,13
8091,13
8093,14
8095,13
8097,14
8099,40
8101,17
8103,13
8105,18
8107,31
8109,13
8111,14
8113,13
8115,14
8117,18
8119,13
8121,13
8123,16
8125,13
8127,19
8129,20
8131,13
8133,13
8135,40
8137,15
8139,13
8141,14
8143,17
8145,13
8147,14
8149,13
8151,13
8153,14
8155,13
8157,15
8159,24
8161,13
8163,13
8165,14
8167,27
8169,13
8171,30
8173,13
8175,13
8177,26
8179,13
8181,13
8183,24
8185,13
8187,13
8189,13
8191,23
8193,14
8195,18
8197,15
8199,21
8201,22
8203,17
8205,14
8207,16
8209,27
8211,17
8213,14
8215,37
8217,14
8219,44
8221,15
8223,14
8225,18
8227,23
8229,27
8231,22
8233,17
8235,15
8237,14
8239,17
8241,15
8243,18
8245,17
8247,26
8249,16
8251,15
8253,16
8255,30
8257,55
8259,15
8261,14
8263,25
8265,16
8267,14
8269,15
8271,19
8273,14
8275,31
8277,16
8279,28
8281,21
8283,14
8285,16
8287,15
8289,25
8291,14
8293,53
8295,14
8297,14
8299,15
8301,30
8303,14
8305,21
8307,22
8309,48
8311,17
8313,16
8315,14
8317,23
8319,17
8321,18
8323,21
8325,14
8327,48
8329,15
8331,14
8333,16
8335,21
8337,19
8339,176
8341,25
8343,16
8345,14
8347,15
8349,15
8351,22
8353,17
8355,15
8357,16
8359,19
8361,15
8363,16
8365,19
8367,14
8369,24
8371,17
8373,14
8375,14
8377,15
8379,17
8381,18
8383,61
8385,20
8387,16
8389,15
8391,14
8393,16
8395,15
8397,15
8399,284
8401,19
8403,18
8405,16
8407,59
8409,15
8411,18
8413,81
8415,19
8417,16
8419,17
8421,14
8423,20
8425,63
8427,18
8429,16
8431,15
8433,14
8435,14
8437,27
8439,15
8441,18
8443,25
8445,19
8447,14
8449,19
8451,14
8453,22
8455,29
8457,14
8459,16
8461,17
8463,16
8465,14
8467,31
8469,21
8471,106
8473,17
8475,17
8477,14
8479,35
8481,22
8483,14
8485,19
8487,15
8489,16
8491,21
8493,17
8495,16
8497,23
8499,16
8501,14
8503,25
8505,14
8507,14
8509,21
8511,14
8513,28
8515,17
8517,14
8519,20
8521,15
8523,45
8525,20
8527,19
8529,15
8531,14
8533,61
8535,18
8537,16
8539,15
8541,22
8543,14
8545,15
8547,16
8549,68
8551,19
8553,16
8555,14
8557,23
8559,24
8561,14
8563,17
8565,15
8567,14
8569,17
8571,15
8573,16
8575,17
8577,18
8579,16
8581,25
8583,17
8585,16
8587,15
8589,15
8591,14
8593,25
8595,14
8597,20
8599,15
8601,17
8603,26
8605,21
8607,16
8609,24
8611,19
8613,16
8615,16
8617,15
8619,17
8621,22
8623,17
8625,14
8627,14
8629,17
8631,14
8633,20
8635,15
8637,18
8639,16
8641,21
8643,14
8645,16
8647,15
8649,19
8651,18
8653,169
8655,15
8657,14
8659,15
8661,14
8663,16
8665,15
8667,14
8669,32
8671,15
8673,17
8675,18
8677,15
8679,16
8681,14
8683,17
8685,14
8687,22
8689,27
8691,15
8693,14
8695,37
8697,14
8699,24
8701,19
8703,14
8705,18
8707,15
8709,16
8711,14
8713,29
8715,14
8717,18
8719,15
8721,18
8723,16
8725,15
8727,16
8729,16
8731,21
8733,21
8735,14
8737,47
8739,15
8741,14
8743,21
8745,14
8747,30
8749,15
8751,17
8753,16
8755,23
8757,16
8759,20
8761,15
8763,14
8765,38
8767,15
8769,16
8771,30
8773,17
8775,15
8777,14
8779,29
8781,14
8783,18
8785,21
8787,15
8789,16
8791,15
8793,14
8795,14
8797,15
8799,16
8801,14
8803,21
8805,16
8807,14
8809,17
8811,14
8813,20
8815,29
8817,27
8819,24
8821,17
8823,14
8825,14
8827,23
8829,32
8831,22
8833,25
8835,14
8837,14
8839,15
8841,17
8843,14
8845,27
8847,14
8849,16
8851,15
8853,17
8855,14
8857,15
8859,15
8861,14
8863,17
8865,16
8867,14
8869,15
8871,17
8873,16
8875,15
8877,14
8879,36
8881,15
8883,21
8885,14
8887,19
8889,15
8891,22
8893,21
8895,14
8897,14
8899,15
8901,18
8903,14
8905,17
8907,14
8909,20
8911,15
8913,26
8915,18
8917,19
8919,19
8921,106
8923,17
8925,14
8927,14
8929,37
8931,19
8933,14
8935,15
8937,15
8939,16
8941,15
8943,22
8945,16
8947,23
8949,15
8951,14
8953,21
8955,15
8957,22
8959,27
8961,22
8963,24
8965,19
8967,14
8969,20
8971,37
8973,14
8975,26
8977,19
8979,15
8981,86
8983,33
8985,18
8987,18
8989,25
8991,14
8993,16
8995,15
8997,38
8999,24
9001,15
9003,16
9005,16
9007,15
9009,16
9011,18
9013,21
9015,14
9017,16
9019,17
9021,15
9023,20
9025,15
9027,15
9029,100
9031,17
9033,14
9035,14
9037,23
9039,17
9041,18
9043,17
9045,17
9047,16
9049,15
9051,14
9053,14
9055,19
9057,16
9059,16
9061,17
9063,14
9065,28
9067,27
9069,16
9071,26
9073,49
9075,14
9077,14
9079,15
9081,15
9083,16
9085,27
9087,14
9089,36
9091,15
9093,16
9095,18
9097,15
9099,15
9101,14
9103,25
9105,15
9107,20
9109,17
9111,25
9113,20
9115,19
9117,31
9119,16
9121,17
9123,17
9125,36
9127,35
9129,31
9131,14
9133,29
9135,15
9137,14
9139,15
9141,14
9143,16
9145,15
9147,14
9149,20
9151,17
9153,16
9155,14
9157,31
9159,15
9161,18
9163,17
9165,14
9167,16
9169,15
9171,14
9173,14
9175,15
9177,14
9179,4712
9181,25
9183,17
9185,28
9187,15
9189,17
9191,14
9193,65
9195,18
9197,14
9199,19
9201,15
9203,16
9205,15
9207,14
9209,24
9211,15
9213,88
9215,30
9217,23
9219,15
9221,30
9223,97
9225,14
9227,20
9229,15
9231,15
9233,14
9235,23
9237,15
9239,28
9241,25
9243,21
9245,18
9247,19
9249,20
9251,18
9253,317
9255,14
9257,14
9259,15
9261,43
9263,14
9265,25
9267,16
9269,16
9271,15
9273,16
9275,14
9277,35
9279,33
9281,14
9283,17
9285,17
9287,16
9289,31
9291,21
9293,24
9295,15
9297,16
9299,16
9301,23
9303,24
9305,14
9307,39
9309,15
9311,50
9313,25
9315,14
9317,18
9319,27
9321,15
9323,26
9325,35
9327,14
9329,16
9331,25
9333,33
9335,94
9337,15
9339,16
9341,14
9343,21
9345,14
9347,20
9349,19
9351,15
9353,32
9355,19
9357,14
9359,44
9361,17
9363,306
9365,14
9367,67
9369,15
9371,14
9373,53
9375,17
9377,18
9379,21
9381,38
9383,14
9385,17
9387,14
9389,20
9391,171
9393,14
9395,22
9397,15
9399,15
9401,14
9403,381
9405,16
9407,14
9409,31
9411,15
9413,14
9415,19
9417,14
9419,52
9421,19
9423,14
9425,14
9427,43
9429,15
9431,18
9433,25
9435,14
9437,14
9439,17
9441,15
9443,16
9445,29
9447,15
9449,16
9451,17
9453,18
9455,16
9457,15
9459,23
9461,306
9463,17
9465,17
9467,14
9469,19
9471,15
9473,14
9475,15
9477,14
9479,124
9481,17
9483,16
9485,14
9487,27
9489,15
9491,22
9493,17
9495,16
9497,16
9499,15
9501,14
9503,18
9505,19
9507,20
9509,20
9511,25
9513,14
9515,14
9517,15
9519,17
9521,14
9523,29
9525,17
9527,14
9529,27
9531,19
9533,16
9535,23
9537,18
9539,16
9541,15
9543,14
9545,22
9547,19
9549,16
9551,14
9553,33
9555,14
9557,14
9559,15
9561,14
9563,106
9565,15
9567,15
9569,16
9571,15
9573,24
9575,20
9577,19
9579,15
9581,14
9583,29
9585,17
9587,16
9589,21
9591,14
9593,14
9595,15
9597,22
9599,32
9601,15
9603,14
9605,14
9607,19
9609,15
9611,18
9613,21
9615,16
9617,24
9619,17
9621,14
9623,14
9625,15
9627,27
9629,120
9631,17
9633,16
9635,16
9637,15
9639,16
9641,26
9643,33
9645,19
9647,14
9649,19
9651,14
9653,30
9655,21
9657,22
9659,44
9661,29
9663,18
9665,14
9667,19
9669,15
9671,22
9673,41
9675,14
9677,28
9679,29
9681,14
9683,14
9685,21
9687,15
9689,80
9691,21
9693,14
9695,14
9697,15
9699,16
9701,18
9703,17
9705,14
9707,16
9709,15
9711,14
9713,16
9715,15
9717,16
9719,16
9721,17
9723,14
9725,14
9727,15
9729,15
9731,14
9733,21
9735,18
9737,16
9739,15
9741,15
9743,16
9745,17
9747,14
9749,16
9751,15
9753,18
9755,22
9757,15
9759,17
9761,18
9763,17
9765,14
9767,24
9769,19
9771,21
9773,16
9775,15
9777,14
9779,20
9781,17
9783,24
9785,14
9787,419
9789,17
9791,62
9793,25
9795,15
9797,22
9799,21
9801,17
9803,14
9805,15
9807,14
9809,24
9811,31
9813,14
9815,14
9817,495
9819,16
9821,14
9823,41
9825,15
9827,26
9829,37
9831,14
9833,14
9835,19
9837,14
9839,16
9841,75
9843,17
9845,16
9847,15
9849,20
9851,18
9853,25
9855,14
9857,32
9859,19
9861,15
9863,14
9865,21
9867,15
9869,16
9871,19
9873,16
9875,16
9877,23
9879,24
9881,22
9883,17
9885,20
9887,20
9889,19
9891,15
9893,14
9895,43
9897,15
9899,32
9901,17
9903,14
9905,16
9907,15
9909,15
9911,14
9913,733
9915,14
9917,16
9919,21
9921,17
9923,46
9925,23
9927,16
9929,28
9931,19
9933,14
9935,14
9937,27
9939,20
9941,26
9943,89
9945,19
9947,16
9949,17
9951,15
9953,20
9955,19
9957,14
9959,20
9961,15
9963,14
9965,24
9967,23
9969,29
9971,18
9973,21
9975,18
9977,20
9979,19
9981,15
9983,92
9985,15
9987,14
9989,16
9991,15
9993,18
9995,14
9997,47
9999,15