2,1
4,TRIV
6,TRIV
8,1
10,1
12,TRIV
14,TRIV
16,1
18,TRIV
20,1
22,1
24,TRIV
26,1
28,TRIV
30,TRIV
32,1
34,TRIV
36,TRIV
38,1
40,1
42,TRIV
44,TRIV
46,1
48,TRIV
50,1
52,1
54,TRIV
56,TRIV
58,1
60,TRIV
62,1
64,TRIV
66,TRIV
68,1
70,TRIV
72,TRIV
74,TRIV
76,1
78,TRIV
80,1
82,1
84,TRIV
86,1
88,1
90,TRIV
92,1
94,TRIV
96,TRIV
98,TRIV
100,2
102,TRIV
104,TRIV
106,1
108,TRIV
110,1
112,TRIV
114,TRIV
116,1
118,1
120,TRIV
122,2
124,TRIV
126,TRIV
128,1
130,1
132,TRIV
134,TRIV
136,1
138,TRIV
140,TRIV
142,1
144,TRIV
146,1
148,6
150,TRIV
152,1
154,TRIV
156,TRIV
158,1
160,1
162,TRIV
164,TRIV
166,2
168,TRIV
170,1
172,1
174,TRIV
176,1
178,1
180,TRIV
182,TRIV
184,TRIV
186,TRIV
188,64
190,1
192,TRIV
194,TRIV
196,TRIV
198,TRIV
200,2
202,1
204,TRIV
206,1
208,1
210,TRIV
212,1
214,TRIV
216,TRIV
218,1
220,1
222,TRIV
224,TRIV
226,4
228,TRIV
230,1
232,2
234,TRIV
236,1
238,TRIV
240,TRIV
242,1
244,TRIV
246,TRIV
248,1
250,1
252,TRIV
254,TRIV
256,1
258,TRIV
260,1
262,1
264,TRIV
266,TRIV
268,2
270,TRIV
272,1
274,TRIV
276,TRIV
278,2
280,TRIV
282,TRIV
284,TRIV
286,1
288,TRIV
290,1
292,1
294,TRIV
296,1
298,2
300,TRIV
302,2
304,TRIV
306,TRIV
308,TRIV
310,1
312,TRIV
314,TRIV
316,1
318,TRIV
320,2
322,TRIV
324,TRIV
326,1
328,1
330,TRIV
332,1
334,TRIV
336,TRIV
338,1
340,3
342,TRIV
344,TRIV
346,1
348,TRIV
350,TRIV
352,1
354,TRIV
356,2
358,1
360,TRIV
362,1
364,TRIV
366,TRIV
368,1
370,2
372,TRIV
374,TRIV
376,1
378,TRIV
380,1
382,2
384,TRIV
386,2
388,1
390,TRIV
392,TRIV
394,TRIV
396,TRIV
398,1
400,1
402,TRIV
404,TRIV
406,TRIV
408,TRIV
410,1
412,1
414,TRIV
416,2
418,1
420,TRIV
422,1
424,TRIV
426,TRIV
428,1
430,4
432,TRIV
434,TRIV
436,1
438,TRIV
440,1
442,1
444,TRIV
446,1
448,TRIV
450,TRIV
452,4
454,TRIV
456,TRIV
458,1
460,3
462,TRIV
464,TRIV
466,1
468,TRIV
470,1
472,3
474,TRIV
476,TRIV
478,1
480,TRIV
482,1
484,TRIV
486,TRIV
488,1
490,TRIV
492,TRIV
494,TRIV
496,2
498,TRIV
500,1
502,1
504,TRIV
506,2
508,3
510,TRIV
512,2
514,TRIV
516,TRIV
518,TRIV
520,1
522,TRIV
524,TRIV
526,1
528,TRIV
530,2
532,TRIV
534,TRIV
536,1
538,87
540,TRIV
542,1
544,TRIV
546,TRIV
548,1
550,1
552,TRIV
554,TRIV
556,1
558,TRIV
560,TRIV
562,4
564,TRIV
566,1
568,2
570,TRIV
572,1
574,TRIV
576,TRIV
578,1
580,1
582,TRIV
584,TRIV
586,1
588,TRIV
590,2
592,1
594,TRIV
596,1
598,1
600,TRIV
602,TRIV
604,TRIV
606,TRIV
608,2
610,1
612,TRIV
614,TRIV
616,TRIV
618,TRIV
620,1
622,1
624,TRIV
626,1
628,2
630,TRIV
632,1
634,TRIV
636,TRIV
638,1
640,1
642,TRIV
644,TRIV
646,2
648,TRIV
650,2
652,1
654,TRIV
656,1
658,TRIV
660,TRIV
662,1
664,TRIV
666,TRIV
668,2
670,1
672,TRIV
674,TRIV
676,2
678,TRIV
680,1
682,2
684,TRIV
686,TRIV
688,1
690,TRIV
692,11
694,TRIV
696,TRIV
698,1
700,TRIV
702,TRIV
704,TRIV
706,1
708,TRIV
710,2
712,1
714,TRIV
716,4
718,1
720,TRIV
722,1
724,TRIV
726,TRIV
728,TRIV
730,1
732,TRIV
734,TRIV
736,1
738,TRIV
740,1
742,TRIV
744,TRIV
746,2
748,1
750,TRIV
752,1
754,TRIV
756,TRIV
758,5
760,2
762,TRIV
764,TRIV
766,1
768,TRIV
770,TRIV
772,2
774,TRIV
776,1
778,3
780,TRIV
782,2
784,TRIV
786,TRIV
788,1
790,1
792,TRIV
794,TRIV
796,2
798,TRIV
800,1
802,1
804,TRIV
806,1
808,1
810,TRIV
812,TRIV
814,TRIV
816,TRIV
818,1
820,25
822,TRIV
824,TRIV
826,TRIV
828,TRIV
830,3
832,1
834,TRIV
836,1
838,1
840,TRIV
842,1
844,TRIV
846,TRIV
848,2
850,2
852,TRIV
854,TRIV
856,1
858,TRIV
860,1
862,1
864,TRIV
866,1
868,TRIV
870,TRIV
872,3
874,TRIV
876,TRIV
878,2
880,2
882,TRIV
884,TRIV
886,1
888,TRIV
890,1
892,146
894,TRIV
896,TRIV
898,1
900,TRIV
902,3
904,TRIV
906,TRIV
908,1
910,TRIV
912,TRIV
914,TRIV
916,1
918,TRIV
920,1
922,13
924,TRIV
926,1
928,11
930,TRIV
932,1
934,TRIV
936,TRIV
938,TRIV
940,2
942,TRIV
944,TRIV
946,1
948,TRIV
950,1
952,TRIV
954,TRIV
956,1
958,2
960,TRIV
962,1
964,TRIV
966,TRIV
968,2
970,1
972,TRIV
974,TRIV
976,1
978,TRIV
980,TRIV
982,2
984,TRIV
986,2
988,1
990,TRIV
992,1
994,TRIV
996,TRIV
998,1
1000,1
1002,TRIV
1004,TRIV
1006,2
1008,TRIV
1010,1
1012,1
1014,TRIV
1016,4
1018,1
1020,TRIV
1022,TRIV
1024,TRIV
1026,TRIV
1028,1
1030,1
1032,TRIV
1034,TRIV
1036,TRIV
1038,TRIV
1040,1
1042,1
1044,TRIV
1046,2
1048,1
1050,TRIV
1052,2
1054,TRIV
1056,TRIV
1058,2
1060,3
1062,TRIV
1064,TRIV
1066,1
1068,TRIV
1070,1
1072,1
1074,TRIV
1076,1
1078,TRIV
1080,TRIV
1082,1
1084,TRIV
1086,TRIV
1088,1
1090,2
1092,TRIV
1094,TRIV
1096,1
1098,TRIV
1100,4
1102,1
1104,TRIV
1106,TRIV
1108,1
1110,TRIV
1112,2
1114,TRIV
1116,TRIV
1118,2
1120,TRIV
1122,TRIV
1124,TRIV
1126,2
1128,TRIV
1130,1
1132,1
1134,TRIV
1136,6
1138,2
1140,TRIV
1142,1
1144,TRIV
1146,TRIV
1148,TRIV
1150,1
1152,TRIV
1154,TRIV
1156,2
1158,TRIV
1160,1
1162,TRIV
1164,TRIV
1166,1
1168,2
1170,TRIV
1172,1
1174,TRIV
1176,TRIV
1178,2
1180,1
1182,TRIV
1184,TRIV
1186,2
1188,TRIV
1190,TRIV
1192,1
1194,TRIV
1196,1
1198,3
1200,TRIV
1202,1
1204,TRIV
1206,TRIV
1208,1
1210,1
1212,TRIV
1214,TRIV
1216,1
1218,TRIV
1220,15
1222,2
1224,TRIV
1226,2
1228,1
1230,TRIV
1232,TRIV
1234,TRIV
1236,TRIV
1238,1
1240,3
1242,TRIV
1244,TRIV
1246,TRIV
1248,TRIV
1250,4
1252,2
1254,TRIV
1256,1
1258,1
1260,TRIV
1262,1
1264,TRIV
1266,TRIV
1268,1
1270,1
1272,TRIV
1274,TRIV
1276,1
1278,TRIV
1280,1
1282,1
1284,TRIV
1286,1
1288,TRIV
1290,TRIV
1292,2
1294,TRIV
1296,TRIV
1298,1
1300,1
1302,TRIV
1304,TRIV
1306,1
1308,TRIV
1310,4
1312,2
1314,TRIV
1316,TRIV
1318,2
1320,TRIV
1322,59
1324,TRIV
1326,TRIV
1328,3
1330,TRIV
1332,TRIV
1334,TRIV
1336,2
1338,TRIV
1340,1
1342,2
1344,TRIV
1346,1
1348,2
1350,TRIV
1352,1
1354,TRIV
1356,TRIV
1358,TRIV
1360,1
1362,TRIV
1364,TRIV
1366,3
1368,TRIV
1370,2
1372,TRIV
1374,TRIV
1376,18
1378,1
1380,TRIV
1382,2
1384,TRIV
1386,TRIV
1388,1
1390,2
1392,TRIV
1394,TRIV
1396,3
1398,TRIV
1400,TRIV
1402,1
1404,TRIV
1406,1
1408,1
1410,TRIV
1412,1
1414,TRIV
1416,TRIV
1418,1
1420,2
1422,TRIV
1424,TRIV
1426,1
1428,TRIV
1430,1
1432,1
1434,TRIV
1436,2
1438,1
1440,TRIV
1442,TRIV
1444,TRIV
1446,TRIV
1448,2
1450,1
1452,TRIV
1454,TRIV
1456,TRIV
1458,TRIV
1460,1
1462,1
1464,TRIV
1466,1
1468,1
1470,TRIV
1472,1
1474,TRIV
1476,TRIV
1478,1
1480,104
1482,TRIV
1484,TRIV
1486,4
1488,TRIV
1490,1
1492,2
1494,TRIV
1496,4
1498,TRIV
1500,TRIV
1502,1
1504,TRIV
1506,TRIV
1508,2
1510,1
1512,TRIV
1514,TRIV
1516,4
1518,TRIV
1520,3
1522,1
1524,TRIV
1526,TRIV
1528,1
1530,TRIV
1532,1
1534,TRIV
1536,TRIV
1538,1
1540,TRIV
1542,TRIV
1544,TRIV
1546,1
1548,TRIV
1550,1
1552,2
1554,TRIV
1556,2
1558,1
1560,TRIV
1562,1
1564,TRIV
1566,TRIV
1568,TRIV
1570,2
1572,TRIV
1574,TRIV
1576,1
1578,TRIV
1580,1
1582,TRIV
1584,TRIV
1586,1
1588,1
1590,TRIV
1592,1
1594,TRIV
1596,TRIV
1598,1
1600,1
1602,TRIV
1604,TRIV
1606,1
1608,TRIV
1610,TRIV
1612,2
1614,TRIV
1616,1
1618,14
1620,TRIV
1622,2
1624,TRIV
1626,TRIV
1628,2
1630,3
1632,TRIV
1634,TRIV
1636,1
1638,TRIV
1640,2
1642,1
1644,TRIV
1646,1
1648,1
1650,TRIV
1652,TRIV
1654,TRIV
1656,TRIV
1658,2
1660,5
1662,TRIV
1664,TRIV
1666,TRIV
1668,TRIV
1670,2
1672,1
1674,TRIV
1676,1
1678,1
1680,TRIV
1682,7
1684,TRIV
1686,TRIV
1688,1
1690,2
1692,TRIV
1694,TRIV
1696,2
1698,TRIV
1700,1
1702,1
1704,TRIV
1706,4
1708,TRIV
1710,TRIV
1712,1
1714,TRIV
1716,TRIV
1718,3
1720,1
1722,TRIV
1724,TRIV
1726,1
1728,TRIV
1730,55
1732,1
1734,TRIV
1736,TRIV
1738,1
1740,TRIV
1742,3
1744,TRIV
1746,TRIV
1748,5
1750,TRIV
1752,TRIV
1754,TRIV
1756,1
1758,TRIV
1760,12
1762,1
1764,TRIV
1766,1
1768,1
1770,TRIV
1772,2
1774,TRIV
1776,TRIV
1778,TRIV
1780,1
1782,TRIV
1784,TRIV
1786,3
1788,TRIV
1790,1
1792,TRIV
1794,TRIV
1796,2
1798,2
1800,TRIV
1802,1
1804,TRIV
1806,TRIV
1808,3
1810,1
1812,TRIV
1814,TRIV
1816,6
1818,TRIV
1820,TRIV
1822,3
1824,TRIV
1826,1
1828,2
1830,TRIV
1832,2
1834,TRIV
1836,TRIV
1838,22
1840,1
1842,TRIV
1844,TRIV
1846,1
1848,TRIV
1850,1
1852,1
1854,TRIV
1856,1
1858,1
1860,TRIV
1862,TRIV
1864,TRIV
1866,TRIV
1868,1
1870,2
1872,TRIV
1874,TRIV
1876,TRIV
1878,TRIV
1880,1
1882,114
1884,TRIV
1886,1
1888,3
1890,TRIV
1892,1
1894,TRIV
1896,TRIV
1898,2
1900,2
1902,TRIV
1904,TRIV
1906,2
1908,TRIV
1910,1
1912,1
1914,TRIV
1916,2
1918,TRIV
1920,TRIV
1922,5
1924,TRIV
1926,TRIV
1928,1
1930,1
1932,TRIV
1934,TRIV
1936,2
1938,TRIV
1940,2
1942,2
1944,TRIV
1946,TRIV
1948,2
1950,TRIV
1952,1
1954,TRIV
1956,TRIV
1958,1
1960,TRIV
1962,TRIV
1964,TRIV
1966,1
1968,TRIV
1970,2
1972,1
1974,TRIV
1976,1
1978,1
1980,TRIV
1982,1
1984,TRIV
1986,TRIV
1988,TRIV
1990,1
1992,TRIV
1994,TRIV
1996,1
1998,TRIV
2000,2
2002,TRIV
2004,TRIV
2006,1
2008,1
2010,TRIV
2012,3
2014,TRIV
2016,TRIV
2018,1
2020,4
2022,TRIV
2024,TRIV
2026,2
2028,TRIV
2030,TRIV
2032,1
2034,TRIV
2036,2
2038,3
2040,TRIV
2042,1
2044,TRIV
2046,TRIV
2048,1
2050,3
2052,TRIV
2054,TRIV
2056,3
2058,TRIV
2060,1
2062,1
2064,TRIV
2066,1
2068,1
2070,TRIV
2072,TRIV
2074,TRIV
2076,TRIV
2078,1
2080,2
2082,TRIV
2084,TRIV
2086,TRIV
2088,TRIV
2090,1
2092,1
2094,TRIV
2096,6
2098,2
2100,TRIV
2102,2
2104,TRIV
2106,TRIV
2108,1
2110,1
2112,TRIV
2114,TRIV
2116,1
2118,TRIV
2120,1
2122,1
2124,TRIV
2126,27
2128,TRIV
2130,TRIV
2132,1
2134,TRIV
2136,TRIV
2138,2
2140,1
2142,TRIV
2144,TRIV
2146,84
2148,TRIV
2150,2
2152,2
2154,TRIV
2156,TRIV
2158,1
2160,TRIV
2162,3
2164,TRIV
2166,TRIV
2168,2
2170,TRIV
2172,TRIV
2174,TRIV
2176,2
2178,TRIV
2180,2
2182,1
2184,TRIV
2186,1
2188,5
2190,TRIV
2192,1
2194,TRIV
2196,TRIV
2198,TRIV
2200,1
2202,TRIV
2204,TRIV
2206,2
2208,TRIV
2210,3
2212,TRIV
2214,TRIV
2216,1
2218,1
2220,TRIV
2222,1
2224,TRIV
2226,TRIV
2228,3
2230,1
2232,TRIV
2234,TRIV
2236,2
2238,TRIV
2240,TRIV
2242,2
2244,TRIV
2246,1
2248,1
2250,TRIV
2252,1
2254,TRIV
2256,TRIV
2258,2
2260,1
2262,TRIV
2264,TRIV
2266,1
2268,TRIV
2270,2
2272,1
2274,TRIV
2276,1
2278,2
2280,TRIV
2282,TRIV
2284,TRIV
2286,TRIV
2288,1
2290,1
2292,TRIV
2294,TRIV
2296,TRIV
2298,TRIV
2300,2
2302,5
2304,TRIV
2306,6
2308,2
2310,TRIV
2312,1
2314,TRIV
2316,TRIV
2318,1
2320,1
2322,TRIV
2324,TRIV
2326,1
2328,TRIV
2330,1
2332,3
2334,TRIV
2336,1
2338,TRIV
2340,TRIV
2342,15
2344,TRIV
2346,TRIV
2348,2
2350,1
2352,TRIV
2354,TRIV
2356,1
2358,TRIV
2360,1
2362,1
2364,TRIV
2366,TRIV
2368,1
2370,TRIV
2372,1
2374,TRIV
2376,TRIV
2378,1
2380,TRIV
2382,TRIV
2384,TRIV
2386,5
2388,TRIV
2390,1
2392,2
2394,TRIV
2396,1
2398,4
2400,TRIV
2402,1
2404,TRIV
2406,TRIV
2408,TRIV
2410,2
2412,TRIV
2414,TRIV
2416,1
2418,TRIV
2420,1
2422,TRIV
2424,TRIV
2426,1
2428,3
2430,TRIV
2432,1652
2434,TRIV
2436,TRIV
2438,1
2440,3
2442,TRIV
2444,TRIV
2446,1
2448,TRIV
2450,TRIV
2452,1
2454,TRIV
2456,1
2458,3
2460,TRIV
2462,2
2464,TRIV
2466,TRIV
2468,2
2470,3
2472,TRIV
2474,TRIV
2476,2
2478,TRIV
2480,4
2482,1
2484,TRIV
2486,2
2488,6
2490,TRIV
2492,TRIV
2494,TRIV
2496,TRIV
2498,2
2500,1
2502,TRIV
2504,TRIV
2506,TRIV
2508,TRIV
2510,1
2512,2
2514,TRIV
2516,2
2518,1
2520,TRIV
2522,1
2524,TRIV
2526,TRIV
2528,1
2530,1
2532,TRIV
2534,TRIV
2536,1
2538,TRIV
2540,3
2542,4
2544,TRIV
2546,3
2548,TRIV
2550,TRIV
2552,3
2554,TRIV
2556,TRIV
2558,1
2560,2
2562,TRIV
2564,TRIV
2566,3
2568,TRIV
2570,1
2572,1
2574,TRIV
2576,TRIV
2578,2
2580,TRIV
2582,2
2584,TRIV
2586,TRIV
2588,1
2590,TRIV
2592,TRIV
2594,TRIV
2596,1
2598,TRIV
2600,1
2602,3
2604,TRIV
2606,3
2608,2
2610,TRIV
2612,1
2614,TRIV
2616,TRIV
2618,TRIV
2620,2
2622,TRIV
2624,TRIV
2626,1
2628,TRIV
2630,6
2632,TRIV
2634,TRIV
2636,1
2638,1
2640,TRIV
2642,1
2644,TRIV
2646,TRIV
2648,2
2650,1
2652,TRIV
2654,TRIV
2656,1
2658,TRIV
2660,TRIV
2662,1
2664,TRIV
2666,1
2668,1
2670,TRIV
2672,1
2674,TRIV
2676,TRIV
2678,1
2680,2
2682,TRIV
2684,TRIV
2686,1
2688,TRIV
2690,1
2692,1
2694,TRIV
2696,2
2698,1
2700,TRIV
2702,TRIV
2704,TRIV
2706,TRIV
2708,1
2710,1
2712,TRIV
2714,TRIV
2716,TRIV
2718,TRIV
2720,1
2722,2
2724,TRIV
2726,2
2728,1
2730,TRIV
2732,1
2734,TRIV
2736,TRIV
2738,9
2740,2
2742,TRIV
2744,TRIV
2746,1
2748,TRIV
2750,2
2752,4
2754,TRIV
2756,1
2758,TRIV
2760,TRIV
2762,2
2764,TRIV
2766,TRIV
2768,1
2770,1
2772,TRIV
2774,TRIV
2776,1
2778,TRIV
2780,1
2782,1
2784,TRIV
2786,TRIV
2788,2
2790,TRIV
2792,4
2794,TRIV
2796,TRIV
2798,1
2800,TRIV
2802,TRIV
2804,TRIV
2806,8
2808,TRIV
2810,2
2812,1
2814,TRIV
2816,1
2818,2
2820,TRIV
2822,1
2824,TRIV
2826,TRIV
2828,TRIV
2830,1
2832,TRIV
2834,TRIV
2836,1
2838,TRIV
2840,1
2842,TRIV
2844,TRIV
2846,3
2848,3
2850,TRIV
2852,3
2854,TRIV
2856,TRIV
2858,1
2860,2
2862,TRIV
2864,TRIV
2866,1
2868,TRIV
2870,TRIV
2872,2
2874,TRIV
2876,1
2878,2
2880,TRIV
2882,1
2884,TRIV
2886,TRIV
2888,1
2890,2
2892,TRIV
2894,TRIV
2896,1
2898,TRIV
2900,3
2902,2
2904,TRIV
2906,1
2908,4
2910,TRIV
2912,TRIV
2914,TRIV
2916,TRIV
2918,1
2920,2
2922,TRIV
2924,TRIV
2926,TRIV
2928,TRIV
2930,2
2932,1
2934,TRIV
2936,1
2938,4
2940,TRIV
2942,1
2944,TRIV
2946,TRIV
2948,1
2950,1
2952,TRIV
2954,TRIV
2956,11
2958,TRIV
2960,4
2962,6
2964,TRIV
2966,2
2968,TRIV
2970,TRIV
2972,2
2974,TRIV
2976,TRIV
2978,1
2980,1
2982,TRIV
2984,TRIV
2986,19
2988,TRIV
2990,1
2992,2
2994,TRIV
2996,TRIV
2998,1
3000,TRIV
3002,1
3004,TRIV
3006,TRIV
3008,2
3010,TRIV
3012,TRIV
3014,TRIV
3016,1
3018,TRIV
3020,1
3022,2
3024,TRIV
3026,2
3028,1
3030,TRIV
3032,13
3034,TRIV
3036,TRIV
3038,TRIV
3040,1
3042,TRIV
3044,TRIV
3046,1
3048,TRIV
3050,2
3052,TRIV
3054,TRIV
3056,16
3058,1
3060,TRIV
3062,1
3064,TRIV
3066,TRIV
3068,1
3070,2
3072,TRIV
3074,TRIV
3076,2
3078,TRIV
3080,TRIV
3082,3
3084,TRIV
3086,2
3088,1
3090,TRIV
3092,2
3094,TRIV
3096,TRIV
3098,1
3100,1
3102,TRIV
3104,TRIV
3106,2
3108,TRIV
3110,5
3112,3
3114,TRIV
3116,1
3118,2
3120,TRIV
3122,TRIV
3124,TRIV
3126,TRIV
3128,4
3130,2
3132,TRIV
3134,TRIV
3136,TRIV
3138,TRIV
3140,2
3142,1
3144,TRIV
3146,1
3148,1
3150,TRIV
3152,2
3154,TRIV
3156,TRIV
3158,REM
3160,1
3162,TRIV
3164,TRIV
3166,1
3168,TRIV
3170,1
3172,2
3174,TRIV
3176,2
3178,TRIV
3180,TRIV
3182,1
3184,TRIV
3186,TRIV
3188,1
3190,2
3192,TRIV
3194,TRIV
3196,1
3198,TRIV
3200,1
3202,2
3204,TRIV
3206,TRIV
3208,1
3210,TRIV
3212,3
3214,TRIV
3216,TRIV
3218,2
3220,TRIV
3222,TRIV
3224,TRIV
3226,3
3228,TRIV
3230,1
3232,1
3234,TRIV
3236,1
3238,1
3240,TRIV
3242,3
3244,TRIV
3246,TRIV
3248,TRIV
3250,1
3252,TRIV
3254,TRIV
3256,2
3258,TRIV
3260,2
3262,TRIV
3264,TRIV
3266,3
3268,2
3270,TRIV
3272,4
3274,TRIV
3276,TRIV
3278,1
3280,1
3282,TRIV
3284,TRIV
3286,1
3288,TRIV
3290,TRIV
3292,1
3294,TRIV
3296,5
3298,1
3300,TRIV
3302,1
3304,TRIV
3306,TRIV
3308,1
3310,1
3312,TRIV
3314,TRIV
3316,3
3318,TRIV
3320,2
3322,1
3324,TRIV
3326,1
3328,2
3330,TRIV
3332,TRIV
3334,TRIV
3336,TRIV
3338,1
3340,1
3342,TRIV
3344,TRIV
3346,TRIV
3348,TRIV
3350,1
3352,1
3354,TRIV
3356,2
3358,3
3360,TRIV
3362,2
3364,TRIV
3366,TRIV
3368,1
3370,1
3372,TRIV
3374,TRIV
3376,3
3378,TRIV
3380,2
3382,2
3384,TRIV
3386,1
3388,TRIV
3390,TRIV
3392,1
3394,TRIV
3396,TRIV
3398,3
3400,6
3402,TRIV
3404,TRIV
3406,2
3408,TRIV
3410,2
3412,1
3414,TRIV
3416,TRIV
3418,11
3420,TRIV
3422,2
3424,TRIV
3426,TRIV
3428,1
3430,TRIV
3432,TRIV
3434,TRIV
3436,1
3438,TRIV
3440,1
3442,1
3444,TRIV
3446,1
3448,1
3450,TRIV
3452,3
3454,TRIV
3456,TRIV
3458,TRIV
3460,3
3462,TRIV
3464,TRIV
3466,2
3468,TRIV
3470,1
3472,TRIV
3474,TRIV
3476,2
3478,1
3480,TRIV
3482,2
3484,TRIV
3486,TRIV
3488,2
3490,1
3492,TRIV
3494,TRIV
3496,1
3498,TRIV
3500,TRIV
3502,2
3504,TRIV
3506,1
3508,1
3510,TRIV
3512,1
3514,TRIV
3516,TRIV
3518,1
3520,1
3522,TRIV
3524,TRIV
3526,1
3528,TRIV
3530,3
3532,4
3534,TRIV
3536,1
3538,1
3540,TRIV
3542,TRIV
3544,TRIV
3546,TRIV
3548,2
3550,1
3552,TRIV
3554,TRIV
3556,TRIV
3558,TRIV
3560,1
3562,1
3564,TRIV
3566,2
3568,3
3570,TRIV
3572,1
3574,TRIV
3576,TRIV
3578,2
3580,2
3582,TRIV
3584,TRIV
3586,1
3588,TRIV
3590,6
3592,1
3594,TRIV
3596,1
3598,TRIV
3600,TRIV
3602,1
3604,TRIV
3606,TRIV
3608,2
3610,1
3612,TRIV
3614,TRIV
3616,1
3618,TRIV
3620,10
3622,1
3624,TRIV
3626,TRIV
3628,3
3630,TRIV
3632,2
3634,TRIV
3636,TRIV
3638,1
3640,TRIV
3642,TRIV
3644,TRIV
3646,3
3648,TRIV
3650,1
3652,1
3654,TRIV
3656,1
3658,2
3660,TRIV
3662,3
3664,TRIV
3666,TRIV
3668,TRIV
3670,1
3672,TRIV
3674,TRIV
3676,1
3678,TRIV
3680,1
3682,TRIV
3684,TRIV
3686,2
3688,1
3690,TRIV
3692,2
3694,TRIV
3696,TRIV
3698,1
3700,5
3702,TRIV
3704,TRIV
3706,1
3708,TRIV
3710,TRIV
3712,1
3714,TRIV
3716,2
3718,1
3720,TRIV
3722,3
3724,TRIV
3726,TRIV
3728,5
3730,66
3732,TRIV
3734,TRIV
3736,2
3738,TRIV
3740,1
3742,3
3744,TRIV
3746,1
3748,1
3750,TRIV
3752,TRIV
3754,TRIV
3756,TRIV
3758,1
3760,2
3762,TRIV
3764,TRIV
3766,TRIV
3768,TRIV
3770,2
3772,1
3774,TRIV
3776,1
3778,2
3780,TRIV
3782,1
3784,TRIV
3786,TRIV
3788,2
3790,2
3792,TRIV
3794,TRIV
3796,4
3798,TRIV
3800,1
3802,1
3804,TRIV
3806,14
3808,TRIV
3810,TRIV
3812,1
3814,TRIV
3816,TRIV
3818,2
3820,2
3822,TRIV
3824,TRIV
3826,1
3828,TRIV
3830,1
3832,1
3834,TRIV
3836,TRIV
3838,3
3840,TRIV
3842,1
3844,TRIV
3846,TRIV
3848,2
3850,TRIV
3852,TRIV
3854,TRIV
3856,1
3858,TRIV
3860,1
3862,52
3864,TRIV
3866,3
3868,1
3870,TRIV
3872,30
3874,TRIV
3876,TRIV
3878,TRIV
3880,6
3882,TRIV
3884,TRIV
3886,1
3888,TRIV
3890,1
3892,TRIV
3894,TRIV
3896,1
3898,1
3900,TRIV
3902,1
3904,TRIV
3906,TRIV
3908,1
3910,1
3912,TRIV
3914,TRIV
3916,2
3918,TRIV
3920,TRIV
3922,1
3924,TRIV
3926,1
3928,4
3930,TRIV
3932,2
3934,TRIV
3936,TRIV
3938,5
3940,16
3942,TRIV
3944,TRIV
3946,1
3948,TRIV
3950,2
3952,7
3954,TRIV
3956,2
3958,3
3960,TRIV
3962,TRIV
3964,TRIV
3966,TRIV
3968,1
3970,375
3972,TRIV
3974,TRIV
3976,TRIV
3978,TRIV
3980,1
3982,1
3984,TRIV
3986,1
3988,3
3990,TRIV
3992,1
3994,TRIV
3996,TRIV
3998,1
4000,1
4002,TRIV
4004,TRIV
4006,1
4008,TRIV
4010,2
4012,6
4014,TRIV
4016,2
4018,TRIV
4020,TRIV
4022,2
4024,TRIV
4026,TRIV
4028,1
4030,1
4032,TRIV
4034,TRIV
4036,1
4038,TRIV
4040,2
4042,2
4044,TRIV
4046,TRIV
4048,3
4050,TRIV
4052,1
4054,TRIV
4056,TRIV
4058,1
4060,TRIV
4062,TRIV
4064,TRIV
4066,2
4068,TRIV
4070,1
4072,1
4074,TRIV
4076,2
4078,1
4080,TRIV
4082,2
4084,TRIV
4086,TRIV
4088,TRIV
4090,1
4092,TRIV
4094,TRIV
4096,5
4098,TRIV
4100,11
4102,TRIV
4104,TRIV
4106,1
4108,1
4110,TRIV
4112,1
4114,TRIV
4116,TRIV
4118,1
4120,2
4122,TRIV
4124,TRIV
4126,2
4128,TRIV
4130,TRIV
4132,1
4134,TRIV
4136,1
4138,1
4140,TRIV
4142,2
4144,TRIV
4146,TRIV
4148,8
4150,2
4152,TRIV
4154,TRIV
4156,1
4158,TRIV
4160,3
4162,2
4164,TRIV
4166,4
4168,9
4170,TRIV
4172,TRIV
4174,TRIV
4176,TRIV
4178,4
4180,1
4182,TRIV
4184,TRIV
4186,TRIV
4188,TRIV
4190,1
4192,4
4194,TRIV
4196,1
4198,1
4200,TRIV
4202,2
4204,TRIV
4206,TRIV
4208,1
4210,1
4212,TRIV
4214,TRIV
4216,2
4218,TRIV
4220,1
4222,1
4224,TRIV
4226,3
4228,TRIV
4230,TRIV
4232,1
4234,TRIV
4236,TRIV
4238,1
4240,1
4242,TRIV
4244,TRIV
4246,8
4248,TRIV
4250,1
4252,1
4254,TRIV
4256,TRIV
4258,18
4260,TRIV
4262,1
4264,TRIV
4266,TRIV
4268,1
4270,TRIV
4272,TRIV
4274,TRIV
4276,1
4278,TRIV
4280,2
4282,2
4284,TRIV
4286,5
4288,2
4290,TRIV
4292,2
4294,TRIV
4296,TRIV
4298,TRIV
4300,7
4302,TRIV
4304,TRIV
4306,1
4308,TRIV
4310,2
4312,TRIV
4314,TRIV
4316,1
4318,1
4320,TRIV
4322,5
4324,TRIV
4326,TRIV
4328,1
4330,3
4332,TRIV
4334,TRIV
4336,1
4338,TRIV
4340,TRIV
4342,1
4344,TRIV
4346,2
4348,2
4350,TRIV
4352,1
4354,TRIV
4356,TRIV
4358,2
4360,2
4362,TRIV
4364,TRIV
4366,3
4368,TRIV
4370,1
4372,2
4374,TRIV
4376,1
4378,4
4380,TRIV
4382,TRIV
4384,TRIV
4386,TRIV
4388,1
4390,2
4392,TRIV
4394,TRIV
4396,TRIV
4398,TRIV
4400,1
4402,1
4404,TRIV
4406,6
4408,3
4410,TRIV
4412,6
4414,TRIV
4416,TRIV
4418,3
4420,1
4422,TRIV
4424,TRIV
4426,1
4428,TRIV
4430,1
4432,3
4434,TRIV
4436,1
4438,TRIV
4440,TRIV
4442,1
4444,TRIV
4446,TRIV
4448,2
4450,3
4452,TRIV
4454,TRIV
4456,4
4458,TRIV
4460,1
4462,1
4464,TRIV
4466,TRIV
4468,2
4470,TRIV
4472,1
4474,TRIV
4476,TRIV
4478,2
4480,TRIV
4482,TRIV
4484,TRIV
4486,1
4488,TRIV
4490,2
4492,1
4494,TRIV
4496,1
4498,1
4500,TRIV
4502,1
4504,TRIV
4506,TRIV
4508,TRIV
4510,2
4512,TRIV
4514,TRIV
4516,2
4518,TRIV
4520,3
4522,TRIV
4524,TRIV
4526,1
4528,1
4530,TRIV
4532,2
4534,TRIV
4536,TRIV
4538,3
4540,1
4542,TRIV
4544,TRIV
4546,1
4548,TRIV
4550,TRIV
4552,2
4554,TRIV
4556,4
4558,2
4560,TRIV
4562,1
4564,TRIV
4566,TRIV
4568,2
4570,1
4572,TRIV
4574,TRIV
4576,1
4578,TRIV
4580,2
4582,1
4584,TRIV
4586,7
4588,30
4590,TRIV
4592,TRIV
4594,TRIV
4596,TRIV
4598,2
4600,1
4602,TRIV
4604,TRIV
4606,TRIV
4608,TRIV
4610,2
4612,3
4614,TRIV
4616,1
4618,1
4620,TRIV
4622,1
4624,TRIV
4626,TRIV
4628,1
4630,1
4632,TRIV
4634,TRIV
4636,1
4638,TRIV
4640,2
4642,1
4644,TRIV
4646,2
4648,TRIV
4650,TRIV
4652,1
4654,TRIV
4656,TRIV
4658,1
4660,2
4662,TRIV
4664,TRIV
4666,2
4668,TRIV
4670,1
4672,2
4674,TRIV
4676,TRIV
4678,2
4680,TRIV
4682,1
4684,TRIV
4686,TRIV
4688,14
4690,TRIV
4692,TRIV
4694,TRIV
4696,9
4698,TRIV
4700,1
4702,1
4704,TRIV
4706,2
4708,1
4710,TRIV
4712,1
4714,TRIV
4716,TRIV
4718,TRIV
4720,24
4722,TRIV
4724,TRIV
4726,2
4728,TRIV
4730,1
4732,TRIV
4734,TRIV
4736,3
4738,1
4740,TRIV
4742,6
4744,TRIV
4746,TRIV
4748,2
4750,3
4752,TRIV
4754,TRIV
4756,2
4758,TRIV
4760,TRIV
4762,1
4764,TRIV
4766,1
4768,1
4770,TRIV
4772,1
4774,TRIV
4776,TRIV
4778,1
4780,1
4782,TRIV
4784,TRIV
4786,2
4788,TRIV
4790,2
4792,1
4794,TRIV
4796,1
4798,5
4800,TRIV
4802,TRIV
4804,TRIV
4806,TRIV
4808,4
4810,1
4812,TRIV
4814,TRIV
4816,TRIV
4818,TRIV
4820,2
4822,3
4824,TRIV
4826,3
4828,11
4830,TRIV
4832,2
4834,TRIV
4836,TRIV
4838,2
4840,1
4842,TRIV
4844,TRIV
4846,3
4848,TRIV
4850,1
4852,6
4854,TRIV
4856,1
4858,TRIV
4860,TRIV
4862,2
4864,TRIV
4866,TRIV
4868,1
4870,8
4872,TRIV
4874,TRIV
4876,4
4878,TRIV
4880,12
4882,1
4884,TRIV
4886,TRIV
4888,1
4890,TRIV
4892,2
4894,TRIV
4896,TRIV
4898,1
4900,TRIV
4902,TRIV
4904,TRIV
4906,2
4908,TRIV
4910,1
4912,1
4914,TRIV
4916,1
4918,4
4920,TRIV
4922,1
4924,TRIV
4926,TRIV
4928,TRIV
4930,1
4932,TRIV
4934,TRIV
4936,1
4938,TRIV
4940,2
4942,TRIV
4944,TRIV
4946,1
4948,1
4950,TRIV
4952,1
4954,TRIV
4956,TRIV
4958,2
4960,3
4962,TRIV
4964,TRIV
4966,1
4968,TRIV
4970,TRIV
4972,1
4974,TRIV
4976,2
4978,1
4980,TRIV
4982,1
4984,TRIV
4986,TRIV
4988,1
4990,1
4992,TRIV
4994,TRIV
4996,2
4998,TRIV
5000,1
5002,1
5004,TRIV
5006,4
5008,2
5010,TRIV
5012,TRIV
5014,TRIV
5016,TRIV
5018,1
5020,3
5022,TRIV
5024,TRIV
5026,TRIV
5028,TRIV
5030,1
5032,3
5034,TRIV
5036,2
5038,1
5040,TRIV
5042,2
5044,TRIV
5046,TRIV
5048,5
5050,REM
5052,TRIV
5054,TRIV
5056,1
5058,TRIV
5060,1
5062,2
5064,TRIV
5066,1
5068,TRIV
5070,TRIV
5072,8
5074,TRIV
5076,TRIV
5078,1
5080,1
5082,TRIV
5084,TRIV
5086,1
5088,TRIV
5090,2
5092,1
5094,TRIV
5096,TRIV
5098,1
5100,TRIV
5102,4
5104,TRIV
5106,TRIV
5108,3
5110,TRIV
5112,TRIV
5114,TRIV
5116,2
5118,TRIV
5120,4
5122,2
5124,TRIV
5126,1
5128,2
5130,TRIV
5132,1
5134,TRIV
5136,TRIV
5138,TRIV
5140,2
5142,TRIV
5144,TRIV
5146,1
5148,TRIV
5150,1
5152,TRIV
5154,TRIV
5156,4
5158,1
5160,TRIV
5162,3
5164,TRIV
5166,TRIV
5168,1
5170,3
5172,TRIV
5174,TRIV
5176,1
5178,TRIV
5180,TRIV
5182,2
5184,TRIV
5186,3
5188,1
5190,TRIV
5192,4
5194,TRIV
5196,TRIV
5198,2
5200,2
5202,TRIV
5204,TRIV
5206,1
5208,TRIV
5210,1
5212,1
5214,TRIV
5216,1
5218,2
5220,TRIV
5222,TRIV
5224,TRIV
5226,TRIV
5228,2
5230,8
5232,TRIV
5234,TRIV
5236,TRIV
5238,TRIV
5240,1
5242,2
5244,TRIV
5246,5
5248,2
5250,TRIV
5252,1
5254,TRIV
5256,TRIV
5258,1
5260,1
5262,TRIV
5264,TRIV
5266,15
5268,TRIV
5270,2
5272,3
5274,TRIV
5276,1
5278,TRIV
5280,TRIV
5282,1
5284,TRIV
5286,TRIV
5288,1
5290,3
5292,TRIV
5294,TRIV
5296,2
5298,TRIV
5300,2
5302,1
5304,TRIV
5306,TRIV
5308,2
5310,TRIV
5312,1
5314,TRIV
5316,TRIV
5318,4
5320,TRIV
5322,TRIV
5324,TRIV
5326,1
5328,TRIV
5330,1
5332,3
5334,TRIV
5336,8
5338,2
5340,TRIV
5342,2
5344,TRIV
5346,TRIV
5348,TRIV
5350,2
5352,TRIV
5354,TRIV
5356,23
5358,TRIV
5360,1
5362,TRIV
5364,TRIV
5366,1
5368,3
5370,TRIV
5372,1
5374,TRIV
5376,TRIV
5378,1
5380,2
5382,TRIV
5384,TRIV
5386,1
5388,TRIV
5390,TRIV
5392,1
5394,TRIV
5396,1
5398,1
5400,TRIV
5402,2
5404,TRIV
5406,TRIV
5408,2
5410,1
5412,TRIV
5414,TRIV
5416,1
5418,TRIV
5420,1
5422,1
5424,TRIV
5426,2
5428,1
5430,TRIV
5432,TRIV
5434,TRIV
5436,TRIV
5438,2
5440,2
5442,TRIV
5444,TRIV
5446,TRIV
5448,TRIV
5450,1
5452,3
5454,TRIV
5456,1
5458,1
5460,TRIV
5462,1
5464,TRIV
5466,TRIV
5468,318
5470,3
5472,TRIV
5474,TRIV
5476,3
5478,TRIV
5480,1
5482,1
5484,TRIV
5486,1
5488,TRIV
5490,TRIV
5492,3
5494,TRIV
5496,TRIV
5498,1
5500,1
5502,TRIV
5504,TRIV
5506,1
5508,TRIV
5510,1
5512,2
5514,TRIV
5516,TRIV
5518,3
5520,TRIV
5522,3
5524,TRIV
5526,TRIV
5528,4
5530,TRIV
5532,TRIV
5534,TRIV
5536,1
5538,TRIV
5540,2
5542,1
5544,TRIV
5546,2
5548,1
5550,TRIV
5552,1
5554,TRIV
5556,TRIV
5558,TRIV
5560,1
5562,TRIV
5564,TRIV
5566,2
5568,TRIV
5570,1
5572,TRIV
5574,TRIV
5576,5
5578,16
5580,TRIV
5582,3
5584,TRIV
5586,TRIV
5588,2
5590,3
5592,TRIV
5594,TRIV
5596,2
5598,TRIV
5600,TRIV
5602,1
5604,TRIV
5606,2
5608,3
5610,TRIV
5612,2
5614,TRIV
5616,TRIV
5618,1
5620,1
5622,TRIV
5624,TRIV
5626,1
5628,TRIV
5630,1
5632,1
5634,TRIV
5636,1
5638,1
5640,TRIV
5642,TRIV
5644,TRIV
5646,TRIV
5648,1
5650,2
5652,TRIV
5654,TRIV
5656,TRIV
5658,TRIV
5660,2
5662,1
5664,TRIV
5666,6
5668,1
5670,TRIV
5672,1
5674,TRIV
5676,TRIV
5678,3
5680,1
5682,TRIV
5684,TRIV
5686,3
5688,TRIV
5690,1
5692,2
5694,TRIV
5696,1
5698,TRIV
5700,TRIV
5702,2
5704,TRIV
5706,TRIV
5708,3
5710,2
5712,TRIV
5714,TRIV
5716,1
5718,TRIV
5720,1
5722,1
5724,TRIV
5726,TRIV
5728,1
5730,TRIV
5732,2
5734,TRIV
5736,TRIV
5738,8
5740,TRIV
5742,TRIV
5744,TRIV
5746,4
5748,TRIV
5750,4
5752,3
5754,TRIV
5756,2
5758,1
5760,TRIV
5762,1
5764,TRIV
5766,TRIV
5768,TRIV
5770,1
5772,TRIV
5774,TRIV
5776,2
5778,TRIV
5780,1
5782,TRIV
5784,TRIV
5786,1
5788,2
5790,TRIV
5792,1
5794,TRIV
5796,TRIV
5798,20
5800,1
5802,TRIV
5804,TRIV
5806,1
5808,TRIV
5810,TRIV
5812,3
5814,TRIV
5816,2
5818,1
5820,TRIV
5822,1
5824,TRIV
5826,TRIV
5828,1
5830,1
5832,TRIV
5834,TRIV
5836,1
5838,TRIV
5840,1
5842,4
5844,TRIV
5846,1
5848,1
5850,TRIV
5852,TRIV
5854,TRIV
5856,TRIV
5858,1
5860,1
5862,TRIV
5864,TRIV
5866,TRIV
5868,TRIV
5870,2
5872,5
5874,TRIV
5876,1
5878,3
5880,TRIV
5882,1
5884,TRIV
5886,TRIV
5888,2
5890,4
5892,TRIV
5894,TRIV
5896,2
5898,TRIV
5900,3
5902,1
5904,TRIV
5906,1
5908,TRIV
5910,TRIV
5912,2
5914,TRIV
5916,TRIV
5918,1
5920,2
5922,TRIV
5924,TRIV
5926,2
5928,TRIV
5930,6
5932,1
5934,TRIV
5936,TRIV
5938,2
5940,TRIV
5942,8
5944,TRIV
5946,TRIV
5948,2
5950,TRIV
5952,TRIV
5954,TRIV
5956,2
5958,TRIV
5960,1
5962,4
5964,TRIV
5966,1
5968,5
5970,TRIV
5972,3
5974,TRIV
5976,TRIV
5978,TRIV
5980,2
5982,TRIV
5984,TRIV
5986,1
5988,TRIV
5990,1
5992,TRIV
5994,TRIV
5996,98
5998,3
6000,TRIV
6002,3
6004,TRIV
6006,TRIV
6008,1
6010,2
6012,TRIV
6014,TRIV
6016,1
6018,TRIV
6020,TRIV
6022,1
6024,TRIV
6026,1
6028,2
6030,TRIV
6032,1
6034,TRIV
6036,TRIV
6038,3
6040,2
6042,TRIV
6044,TRIV
6046,1
6048,TRIV
6050,2
6052,1
6054,TRIV
6056,12
6058,1
6060,TRIV
6062,TRIV
6064,TRIV
6066,TRIV
6068,1
6070,1
6072,TRIV
6074,TRIV
6076,TRIV
6078,TRIV
6080,1
6082,7
6084,TRIV
6086,6
6088,2
6090,TRIV
6092,1
6094,TRIV
6096,TRIV
6098,3
6100,1
6102,TRIV
6104,TRIV
6106,2
6108,TRIV
6110,1
6112,1
6114,TRIV
6116,3
6118,TRIV
6120,TRIV
6122,1
6124,TRIV
6126,TRIV
6128,2
6130,1
6132,TRIV
6134,TRIV
6136,2
6138,TRIV
6140,2
6142,1
6144,TRIV
6146,TRIV
6148,17
6150,TRIV
6152,1
6154,TRIV
6156,TRIV
6158,2
6160,TRIV
6162,TRIV
6164,TRIV
6166,2
6168,TRIV
6170,33
6172,12
6174,TRIV
6176,1
6178,1
6180,TRIV
6182,1
6184,TRIV
6186,TRIV
6188,TRIV
6190,1
6192,TRIV
6194,TRIV
6196,1
6198,TRIV
6200,1
6202,TRIV
6204,TRIV
6206,3
6208,1
6210,TRIV
6212,2
6214,TRIV
6216,TRIV
6218,2
6220,2
6222,TRIV
6224,TRIV
6226,1
6228,TRIV
6230,TRIV
6232,2
6234,TRIV
6236,1
6238,2
6240,TRIV
6242,1
6244,TRIV
6246,TRIV
6248,1
6250,1
6252,TRIV
6254,TRIV
6256,1
6258,TRIV
6260,2
6262,2
6264,TRIV
6266,1
6268,2
6270,TRIV
6272,TRIV
6274,TRIV
6276,TRIV
6278,1
6280,1
6282,TRIV
6284,TRIV
6286,TRIV
6288,TRIV
6290,1
6292,2
6294,TRIV
6296,1
6298,3
6300,TRIV
6302,1
6304,TRIV
6306,TRIV
6308,1
6310,6
6312,TRIV
6314,TRIV
6316,1
6318,TRIV
6320,2
6322,1
6324,TRIV
6326,4
6328,TRIV
6330,TRIV
6332,1
6334,TRIV
6336,TRIV
6338,1
6340,1
6342,TRIV
6344,TRIV
6346,1
6348,TRIV
6350,2
6352,1
6354,TRIV
6356,TRIV
6358,1
6360,TRIV
6362,2
6364,TRIV
6366,TRIV
6368,1
6370,TRIV
6372,TRIV
6374,TRIV
6376,1
6378,TRIV
6380,3
6382,2
6384,TRIV
6386,2
6388,2
6390,TRIV
6392,2
6394,TRIV
6396,TRIV
6398,TRIV
6400,1
6402,TRIV
6404,TRIV
6406,1
6408,TRIV
6410,3
6412,TRIV
6414,TRIV
6416,2
6418,3
6420,TRIV
6422,2
6424,TRIV
6426,TRIV
6428,1
6430,1
6432,TRIV
6434,TRIV
6436,424
6438,TRIV
6440,TRIV
6442,2
6444,TRIV
6446,4
6448,1
6450,TRIV
6452,1
6454,TRIV
6456,TRIV
6458,2
6460,1
6462,TRIV
6464,TRIV
6466,2
6468,TRIV
6470,1
6472,3
6474,TRIV
6476,2
6478,3
6480,TRIV
6482,TRIV
6484,TRIV
6486,TRIV
6488,3
6490,4
6492,TRIV
6494,TRIV
6496,TRIV
6498,TRIV
6500,1
6502,4
6504,TRIV
6506,2
6508,1
6510,TRIV
6512,3
6514,TRIV
6516,TRIV
6518,2
6520,2
6522,TRIV
6524,TRIV
6526,1
6528,TRIV
6530,1
6532,1
6534,TRIV
6536,2
6538,TRIV
6540,TRIV
6542,1
6544,TRIV
6546,TRIV
6548,1
6550,1
6552,TRIV
6554,TRIV
6556,1
6558,TRIV
6560,1
6562,3
6564,TRIV
6566,TRIV
6568,4
6570,TRIV
6572,2
6574,TRIV
6576,TRIV
6578,1
6580,TRIV
6582,TRIV
6584,TRIV
6586,1
6588,TRIV
6590,26
6592,4
6594,TRIV
6596,7
6598,1
6600,TRIV
6602,2
6604,TRIV
6606,TRIV
6608,TRIV
6610,9
6612,TRIV
6614,TRIV
6616,1
6618,TRIV
6620,3
6622,TRIV
6624,TRIV
6626,3
6628,2
6630,TRIV
6632,1
6634,TRIV
6636,TRIV
6638,1
6640,1
6642,TRIV
6644,TRIV
6646,3
6648,TRIV
6650,TRIV
6652,1
6654,TRIV
6656,8
6658,1
6660,TRIV
6662,2
6664,TRIV
6666,TRIV
6668,1
6670,1
6672,TRIV
6674,TRIV
6676,3
6678,TRIV
6680,1
6682,1
6684,TRIV
6686,2
6688,1
6690,TRIV
6692,TRIV
6694,TRIV
6696,TRIV
6698,1
6700,10
6702,TRIV
6704,TRIV
6706,TRIV
6708,TRIV
6710,2
6712,1
6714,TRIV
6716,1
6718,2
6720,TRIV
6722,4
6724,TRIV
6726,TRIV
6728,4
6730,3
6732,TRIV
6734,TRIV
6736,2
6738,TRIV
6740,1
6742,1
6744,TRIV
6746,2
6748,TRIV
6750,TRIV
6752,2
6754,TRIV
6756,TRIV
6758,1
6760,1
6762,TRIV
6764,TRIV
6766,2
6768,TRIV
6770,1
6772,1
6774,TRIV
6776,TRIV
6778,2
6780,TRIV
6782,1
6784,TRIV
6786,TRIV
6788,2
6790,TRIV
6792,TRIV
6794,TRIV
6796,2
6798,TRIV
6800,3
6802,1
6804,TRIV
6806,1
6808,1
6810,TRIV
6812,1
6814,TRIV
6816,TRIV
6818,TRIV
6820,1
6822,TRIV
6824,TRIV
6826,3
6828,TRIV
6830,3
6832,TRIV
6834,TRIV
6836,1
6838,14
6840,TRIV
6842,1
6844,TRIV
6846,TRIV
6848,1
6850,1
6852,TRIV
6854,TRIV
6856,2
6858,TRIV
6860,TRIV
6862,1
6864,TRIV
6866,2
6868,2
6870,TRIV
6872,5
6874,TRIV
6876,TRIV
6878,1
6880,2
6882,TRIV
6884,TRIV
6886,1
6888,TRIV
6890,1
6892,2
6894,TRIV
6896,1
6898,20
6900,TRIV
6902,TRIV
6904,TRIV
6906,TRIV
6908,2
6910,2
6912,TRIV
6914,TRIV
6916,TRIV
6918,TRIV
6920,4
6922,3
6924,TRIV
6926,1
6928,1
6930,TRIV
6932,3
6934,TRIV
6936,TRIV
6938,1
6940,1
6942,TRIV
6944,TRIV
6946,1
6948,TRIV
6950,1
6952,2
6954,TRIV
6956,1
6958,TRIV
6960,TRIV
6962,1
6964,TRIV
6966,TRIV
6968,3
6970,1
6972,TRIV
6974,TRIV
6976,1
6978,TRIV
6980,1
6982,5
6984,TRIV
6986,TRIV
6988,3
6990,TRIV
6992,1
6994,TRIV
6996,TRIV
6998,1
7000,TRIV
7002,TRIV
7004,TRIV
7006,1
7008,TRIV
7010,2
7012,3
7014,TRIV
7016,2
7018,1
7020,TRIV
7022,1
7024,TRIV
7026,TRIV
7028,TRIV
7030,4
7032,TRIV
7034,TRIV
7036,1
7038,TRIV
7040,2
7042,TRIV
7044,TRIV
7046,2
7048,1
7050,TRIV
7052,8
7054,TRIV
7056,TRIV
7058,1
7060,5
7062,TRIV
7064,TRIV
7066,2
7068,TRIV
7070,TRIV
7072,3
7074,TRIV
7076,2
7078,3
7080,TRIV
7082,1
7084,TRIV
7086,TRIV
7088,1
7090,7
7092,TRIV
7094,TRIV
7096,2
7098,TRIV
7100,1
7102,3
7104,TRIV
7106,1
7108,1
7110,TRIV
7112,TRIV
7114,TRIV
7116,TRIV
7118,2
7120,2
7122,TRIV
7124,TRIV
7126,TRIV
7128,TRIV
7130,1
7132,2
7134,TRIV
7136,2
7138,1
7140,TRIV
7142,2
7144,TRIV
7146,TRIV
7148,2
7150,2
7152,TRIV
7154,TRIV
7156,1
7158,TRIV
7160,3
7162,2
7164,TRIV
7166,1
7168,TRIV
7170,TRIV
7172,1
7174,TRIV
7176,TRIV
7178,5
7180,2
7182,TRIV
7184,TRIV
7186,1
7188,TRIV
7190,1
7192,1
7194,TRIV
7196,TRIV
7198,1
7200,TRIV
7202,2
7204,TRIV
7206,TRIV
7208,1
7210,TRIV
7212,TRIV
7214,TRIV
7216,1
7218,TRIV
7220,3
7222,1
7224,TRIV
7226,1
7228,2
7230,TRIV
7232,1
7234,TRIV
7236,TRIV
7238,TRIV
7240,2
7242,TRIV
7244,TRIV
7246,2
7248,TRIV
7250,2
7252,TRIV
7254,TRIV
7256,5
7258,2
7260,TRIV
7262,1
7264,TRIV
7266,TRIV
7268,3
7270,5
7272,TRIV
7274,TRIV
7276,1
7278,TRIV
7280,TRIV
7282,2
7284,TRIV
7286,1
7288,1
7290,TRIV
7292,3
7294,TRIV
7296,TRIV
7298,6
7300,1
7302,TRIV
7304,TRIV
7306,3
7308,TRIV
7310,1
7312,1
7314,TRIV
7316,2
7318,2
7320,TRIV
7322,TRIV
7324,TRIV
7326,TRIV
7328,1
7330,1
7332,TRIV
7334,TRIV
7336,TRIV
7338,TRIV
7340,4
7342,3
7344,TRIV
7346,3
7348,1
7350,TRIV
7352,2
7354,TRIV
7356,TRIV
7358,3
7360,6
7362,TRIV
7364,TRIV
7366,4
7368,TRIV
7370,3
7372,1
7374,TRIV
7376,2
7378,TRIV
7380,TRIV
7382,2
7384,TRIV
7386,TRIV
7388,2
7390,1
7392,TRIV
7394,TRIV
7396,1
7398,TRIV
7400,2
7402,15
7404,TRIV
7406,TRIV
7408,4
7410,TRIV
7412,1
7414,TRIV
7416,TRIV
7418,18
7420,TRIV
7422,TRIV
7424,TRIV
7426,2
7428,TRIV
7430,1
7432,2
7434,TRIV
7436,1
7438,1
7440,TRIV
7442,2
7444,TRIV
7446,TRIV
7448,TRIV
7450,32
7452,TRIV
7454,TRIV
7456,1
7458,TRIV
7460,1
7462,TRIV
7464,TRIV
7466,1
7468,1
7470,TRIV
7472,4
7474,TRIV
7476,TRIV
7478,1
7480,3
7482,TRIV
7484,TRIV
7486,1
7488,TRIV
7490,TRIV
7492,2
7494,TRIV
7496,1
7498,3
7500,TRIV
7502,1
7504,TRIV
7506,TRIV
7508,1
7510,2
7512,TRIV
7514,TRIV
7516,1
7518,TRIV
7520,1
7522,2
7524,TRIV
7526,1
7528,1
7530,TRIV
7532,TRIV
7534,TRIV
7536,TRIV
7538,1
7540,1
7542,TRIV
7544,TRIV
7546,TRIV
7548,TRIV
7550,3
7552,1
7554,TRIV
7556,1
7558,6
7560,TRIV
7562,1
7564,TRIV
7566,TRIV
7568,1
7570,1
7572,TRIV
7574,TRIV
7576,2
7578,TRIV
7580,4
7582,1
7584,TRIV
7586,1
7588,TRIV
7590,TRIV
7592,5
7594,TRIV
7596,TRIV
7598,2
7600,1
7602,TRIV
7604,TRIV
7606,4
7608,TRIV
7610,3
7612,2
7614,TRIV
7616,TRIV
7618,1
7620,TRIV
7622,1
7624,TRIV
7626,TRIV
7628,1
7630,TRIV
7632,TRIV
7634,TRIV
7636,28
7638,TRIV
7640,2
7642,3
7644,TRIV
7646,2
7648,1
7650,TRIV
7652,1
7654,TRIV
7656,TRIV
7658,TRIV
7660,1
7662,TRIV
7664,TRIV
7666,1
7668,TRIV
7670,1
7672,TRIV
7674,TRIV
7676,2
7678,1
7680,TRIV
7682,1
7684,TRIV
7686,TRIV