1,1
3,1
5,TRIV
7,1
9,1
11,TRIV
13,1
15,1
17,TRIV
19,1
21,2
23,TRIV
25,1
27,1
29,TRIV
31,2
33,1
35,TRIV
37,1
39,1
41,TRIV
43,1
45,2
47,TRIV
49,1
51,2
53,TRIV
55,1
57,1
59,TRIV
61,4
63,1
65,TRIV
67,1
69,1
71,TRIV
73,2
75,1
77,TRIV
79,1
81,2
83,TRIV
85,1
87,2
89,TRIV
91,2
93,1
95,TRIV
97,1
99,1
101,TRIV
103,1
105,1
107,TRIV
109,1
111,2
113,TRIV
115,2
117,3
119,TRIV
121,2
123,1
125,TRIV
127,1
129,3
131,TRIV
133,1
135,1
137,TRIV
139,5
141,2
143,TRIV
145,1
147,1
149,TRIV
151,2
153,1
155,TRIV
157,2
159,1
161,TRIV
163,1
165,2
167,TRIV
169,1
171,8
173,TRIV
175,1
177,1
179,TRIV
181,2
183,2
185,TRIV
187,1
189,1
191,TRIV
193,1
195,1
197,TRIV
199,3
201,4
203,TRIV
205,3
207,1
209,TRIV
211,2
213,2
215,TRIV
217,2
219,1
221,TRIV
223,1
225,1
227,TRIV
229,1
231,4
233,TRIV
235,1
237,1
239,TRIV
241,2
243,3
245,TRIV
247,1
249,3
251,TRIV
253,1
255,2
257,TRIV
259,1
261,2
263,TRIV
265,1
267,1
269,TRIV
271,10
273,1
275,TRIV
277,1
279,1
281,TRIV
283,3
285,3
287,TRIV
289,1
291,2
293,TRIV
295,2
297,2
299,TRIV
301,2
303,1
305,TRIV
307,1
309,1
311,TRIV
313,1
315,2
317,TRIV
319,3
321,2
323,TRIV
325,3
327,1
329,TRIV
331,2
333,1
335,TRIV
337,2
339,11
341,TRIV
343,1
345,1
347,TRIV
349,1
351,2
353,TRIV
355,1
357,2
359,TRIV
361,4
363,1
365,TRIV
367,2
369,1
371,TRIV
373,2
375,1
377,TRIV
379,1
381,2
383,TRIV
385,1
387,4
389,TRIV
391,4
393,1
395,TRIV
397,1
399,3
401,TRIV
403,2
405,1
407,TRIV
409,5
411,6
413,TRIV
415,1
417,1
419,TRIV
421,4
423,2
425,TRIV
427,1
429,1
431,TRIV
433,2
435,1
437,TRIV
439,1
441,2
443,TRIV
445,1
447,2
449,TRIV
451,2
453,1
455,TRIV
457,1
459,1
461,TRIV
463,1
465,5
467,TRIV
469,5
471,2
473,TRIV
475,1
477,3
479,TRIV
481,10
483,1
485,TRIV
487,1
489,11
491,TRIV
493,2
495,1
497,TRIV
499,1
501,4
503,TRIV
505,1
507,2
509,TRIV
511,8
513,3
515,TRIV
517,1
519,1
521,TRIV
523,3
525,2
527,TRIV
529,3
531,2
533,TRIV
535,3
537,1
539,TRIV
541,2
543,1
545,TRIV
547,2
549,3
551,TRIV
553,1
555,2
557,TRIV
559,1
561,2
563,TRIV
565,1
567,1
569,TRIV
571,2
573,1
575,TRIV
577,2
579,3
581,TRIV
583,1
585,2
587,TRIV
589,1
591,2
593,TRIV
595,1
597,1
599,TRIV
601,2
603,1
605,TRIV
607,4
609,1
611,TRIV
613,1
615,1
617,TRIV
619,3
621,4
623,TRIV
625,2
627,1
629,TRIV
631,2
633,5
635,TRIV
637,1
639,1
641,TRIV
643,1
645,2
647,TRIV
649,1
651,4
653,TRIV
655,1
657,1
659,TRIV
661,2
663,3
665,TRIV
667,2
669,1
671,TRIV
673,1
675,2
677,TRIV
679,1
681,4
683,TRIV
685,2
687,1
689,TRIV
691,4
693,2
695,TRIV
697,1
699,5
701,TRIV
703,2
705,1
707,TRIV
709,3
711,2
713,TRIV
715,1
717,2
719,TRIV
721,4
723,1
725,TRIV
727,2
729,1
731,TRIV
733,3
735,1
737,TRIV
739,1
741,2
743,TRIV
745,2
747,1
749,TRIV
751,12
753,1
755,TRIV
757,1
759,3
761,TRIV
763,3
765,1
767,TRIV
769,1
771,2
773,TRIV
775,3
777,4
779,TRIV
781,2
783,1
785,TRIV
787,5
789,3
791,TRIV
793,1
795,2
797,TRIV
799,3
801,8
803,TRIV
805,1
807,1
809,TRIV
811,2
813,2
815,TRIV
817,1
819,1
821,TRIV
823,1
825,1
827,TRIV
829,15
831,4
833,TRIV
835,1
837,2
839,TRIV
841,2
843,2
845,TRIV
847,2
849,1
851,TRIV
853,1
855,1
857,TRIV
859,1
861,2
863,TRIV
865,2
867,2
869,TRIV
871,2
873,1
875,TRIV
877,1
879,1
881,TRIV
883,1
885,11
887,TRIV
889,3
891,2
893,TRIV
895,2
897,4
899,TRIV
901,54
903,1
905,TRIV
907,1
909,5
911,TRIV
913,2
915,1
917,TRIV
919,3
921,2
923,TRIV
925,1
927,3
929,TRIV
931,2
933,1
935,TRIV
937,1
939,9
941,TRIV
943,1
945,3
947,TRIV
949,1
951,2
953,TRIV
955,2
957,3
959,TRIV
961,2
963,1
965,TRIV
967,1
969,3
971,TRIV
973,1
975,2
977,TRIV
979,1
981,2
983,TRIV
985,3
987,1
989,TRIV
991,6
993,1
995,TRIV
997,2
999,3
1001,TRIV
1003,2
1005,1
1007,TRIV
1009,1
1011,6
1013,TRIV
1015,1
1017,1
1019,TRIV
1021,4
1023,2
1025,TRIV
1027,1
1029,1
1031,TRIV
1033,2
1035,1
1037,TRIV
1039,3
1041,4
1043,TRIV
1045,1
1047,1
1049,TRIV
1051,4
1053,2
1055,TRIV
1057,1
1059,1
1061,TRIV
1063,4
1065,1
1067,TRIV
1069,9
1071,2
1073,TRIV
1075,2
1077,2
1079,TRIV
1081,2
1083,1
1085,TRIV
1087,1
1089,1
1091,TRIV
1093,1
1095,9
1097,TRIV
1099,1
1101,2
1103,TRIV
1105,1
1107,2
1109,TRIV
1111,4
1113,1
1115,TRIV
1117,3
1119,1
1121,TRIV
1123,3
1125,1
1127,TRIV
1129,3
1131,6
1133,TRIV
1135,2
1137,2
1139,TRIV
1141,6
1143,4
1145,TRIV
1147,1
1149,1
1151,TRIV
1153,3
1155,2
1157,TRIV
1159,1
1161,8
1163,TRIV
1165,2
1167,1
1169,TRIV
1171,2
1173,3
1175,TRIV
1177,1
1179,5
1181,TRIV
1183,1
1185,2
1187,TRIV
1189,1
1191,4
1193,TRIV
1195,3
1197,1
1199,TRIV
1201,2
1203,4
1205,TRIV
1207,2
1209,1
1211,TRIV
1213,1
1215,2
1217,TRIV
1219,1
1221,2
1223,TRIV
1225,1
1227,1
1229,TRIV
1231,4
1233,1
1235,TRIV
1237,3
1239,3
1241,TRIV
1243,2
1245,1
1247,TRIV
1249,5
1251,6
1253,TRIV
1255,1
1257,3
1259,TRIV
1261,2
1263,2
1265,TRIV
1267,2
1269,5
1271,TRIV
1273,1
1275,1
1277,TRIV
1279,1
1281,2
1283,TRIV
1285,1
1287,1
1289,TRIV
1291,2
1293,1
1295,TRIV
1297,1
1299,1
1301,TRIV
1303,1
1305,2
1307,TRIV
1309,3
1311,2
1313,TRIV
1315,1
1317,1
1319,TRIV
1321,6
1323,1
1325,TRIV
1327,4
1329,7
1331,TRIV
1333,5
1335,3
1337,TRIV
1339,15
1341,4
1343,TRIV
1345,2
1347,5
1349,TRIV
1351,2
1353,4
1355,TRIV
1357,1
1359,3
1361,TRIV
1363,1
1365,2
1367,TRIV
1369,1
1371,4
1373,TRIV
1375,3
1377,1
1379,TRIV
1381,4
1383,2
1385,TRIV
1387,3
1389,3
1391,TRIV
1393,2
1395,1
1397,TRIV
1399,5
1401,4
1403,TRIV
1405,1
1407,2
1409,TRIV
1411,2
1413,2
1415,TRIV
1417,2
1419,1
1421,TRIV
1423,1
1425,1
1427,TRIV
1429,1
1431,2
1433,TRIV
1435,1
1437,2
1439,TRIV
1441,4
1443,1
1445,TRIV
1447,1
1449,1
1451,TRIV
1453,4
1455,1
1457,TRIV
1459,3
1461,6
1463,TRIV
1465,2
1467,1
1469,TRIV
1471,2
1473,2
1475,TRIV
1477,1
1479,1
1481,TRIV
1483,1
1485,1
1487,TRIV
1489,1
1491,4
1493,TRIV
1495,1
1497,4
1499,TRIV
1501,14
1503,3
1505,TRIV
1507,1
1509,REM
1511,TRIV
1513,8
1515,2
1517,TRIV
1519,1
1521,4
1523,TRIV
1525,5
1527,1
1529,TRIV
1531,4
1533,2
1535,TRIV
1537,2
1539,1
1541,TRIV
1543,2
1545,1
1547,TRIV
1549,1
1551,2
1553,TRIV
1555,1
1557,3
1559,TRIV
1561,6
1563,1
1565,TRIV
1567,1
1569,5
1571,TRIV
1573,3
1575,1
1577,TRIV
1579,1
1581,2
1583,TRIV
1585,2
1587,6
1589,TRIV
1591,2
1593,1
1595,TRIV
1597,1
1599,3
1601,TRIV
1603,1
1605,1
1607,TRIV
1609,1
1611,2
1613,TRIV
1615,1
1617,1
1619,TRIV
1621,2
1623,1
1625,TRIV
1627,63
1629,3
1631,TRIV
1633,1
1635,3
1637,TRIV
1639,5
1641,2
1643,TRIV
1645,3
1647,2
1649,TRIV
1651,2
1653,1
1655,TRIV
1657,3
1659,1
1661,TRIV
1663,1
1665,1
1667,TRIV
1669,3
1671,12
1673,TRIV
1675,4
1677,2
1679,TRIV
1681,2
1683,2
1685,TRIV
1687,5
1689,1
1691,TRIV
1693,1
1695,1
1697,TRIV
1699,9
1701,12
1703,TRIV
1705,1
1707,2
1709,TRIV
1711,6
1713,3
1715,TRIV
1717,1
1719,1
1721,TRIV
1723,3
1725,2
1727,TRIV
1729,1
1731,2
1733,TRIV
1735,7
1737,1
1739,TRIV
1741,4
1743,1
1745,TRIV
1747,3
1749,1
1751,TRIV
1753,5
1755,1
1757,TRIV
1759,3
1761,2
1763,TRIV
1765,5
1767,2
1769,TRIV
1771,2
1773,1
1775,TRIV
1777,5
1779,1
1781,TRIV
1783,1
1785,1
1787,TRIV
1789,9
1791,10
1793,TRIV
1795,2
1797,1
1799,TRIV
1801,6
1803,3
1805,TRIV
1807,1
1809,3
1811,TRIV
1813,3
1815,2
1817,TRIV
1819,1
1821,16
1823,TRIV
1825,3
1827,1
1829,TRIV
1831,2
1833,4
1835,TRIV
1837,3
1839,7
1841,TRIV
1843,1
1845,2
1847,TRIV
1849,3
1851,2
1853,TRIV
1855,2
1857,1
1859,TRIV
1861,2
1863,1
1865,TRIV
1867,1
1869,1
1871,TRIV
1873,1
1875,1
1877,TRIV
1879,5
1881,4
1883,TRIV
1885,1
1887,3
1889,TRIV
1891,2
1893,5
1895,TRIV
1897,1
1899,107
1901,TRIV
1903,1
1905,4
1907,TRIV
1909,1
1911,6
1913,TRIV
1915,2
1917,2
1919,TRIV
1921,24
1923,3
1925,TRIV
1927,1
1929,1
1931,TRIV
1933,2
1935,2
1937,TRIV
1939,3
1941,6
1943,TRIV
1945,1
1947,1
1949,TRIV
1951,4
1953,3
1955,TRIV
1957,2
1959,605
1961,TRIV
1963,2
1965,3
1967,TRIV
1969,1
1971,2
1973,TRIV
1975,1
1977,2
1979,TRIV
1981,2
1983,1
1985,TRIV
1987,2
1989,1
1991,TRIV
1993,1
1995,1
1997,TRIV
1999,1
2001,2
2003,TRIV
2005,3
2007,1
2009,TRIV
2011,2
2013,1
2015,TRIV
2017,3
2019,3
2021,TRIV
2023,1
2025,1
2027,TRIV
2029,7
2031,4
2033,TRIV
2035,1
2037,2
2039,TRIV
2041,4
2043,5
2045,TRIV
2047,2
2049,1
2051,TRIV
2053,2
2055,4
2057,TRIV
2059,1
2061,36
2063,TRIV
2065,1
2067,2
2069,TRIV
2071,2
2073,2
2075,TRIV
2077,1
2079,1
2081,TRIV
2083,1
2085,1
2087,TRIV
2089,3
2091,4
2093,TRIV
2095,1
2097,2
2099,TRIV
2101,4
2103,6
2105,TRIV
2107,1
2109,1
2111,TRIV
2113,2
2115,2
2117,TRIV
2119,7
2121,2
2123,TRIV
2125,1
2127,1
2129,TRIV
2131,REM
2133,1
2135,TRIV
2137,1
2139,1
2141,TRIV
2143,3
2145,2
2147,TRIV
2149,1
2151,6
2153,TRIV
2155,4
2157,1
2159,TRIV
2161,4
2163,2
2165,TRIV
2167,4
2169,7
2171,TRIV
2173,3
2175,1
2177,TRIV
2179,3
2181,4
2183,TRIV
2185,4
2187,2
2189,TRIV
2191,2
2193,5
2195,TRIV
2197,2
2199,1
2201,TRIV
2203,1
2205,2
2207,TRIV
2209,1
2211,4
2213,TRIV
2215,6
2217,1
2219,TRIV
2221,2
2223,2
2225,TRIV
2227,2
2229,3
2231,TRIV
2233,1
2235,1
2237,TRIV
2239,1
2241,6
2243,TRIV
2245,3
2247,1
2249,TRIV
2251,2
2253,2
2255,TRIV
2257,2
2259,9
2261,TRIV
2263,1
2265,1
2267,TRIV
2269,1
2271,2
2273,TRIV
2275,3
2277,1
2279,TRIV
2281,2
2283,1
2285,TRIV
2287,3
2289,1
2291,TRIV
2293,1
2295,2
2297,TRIV
2299,5
2301,4
2303,TRIV
2305,1
2307,1
2309,TRIV
2311,10
2313,3
2315,TRIV
2317,2
2319,3
2321,TRIV
2323,2
2325,2
2327,TRIV
2329,1
2331,2
2333,TRIV
2335,1
2337,1
2339,TRIV
2341,2
2343,1
2345,TRIV
2347,1
2349,5
2351,TRIV
2353,1
2355,2
2357,TRIV
2359,3
2361,2
2363,TRIV
2365,2
2367,1
2369,TRIV
2371,16
2373,1
2375,TRIV
2377,1
2379,1
2381,TRIV
2383,2
2385,1
2387,TRIV
2389,1
2391,4
2393,TRIV
2395,1
2397,8
2399,TRIV
2401,2
2403,3
2405,TRIV
2407,1
2409,3
2411,TRIV
2413,1
2415,4
2417,TRIV
2419,1
2421,2
2423,TRIV
2425,2
2427,4
2429,TRIV
2431,2
2433,1
2435,TRIV
2437,1
2439,3
2441,TRIV
2443,1
2445,5
2447,TRIV
2449,29
2451,2
2453,TRIV
2455,1
2457,2
2459,TRIV
2461,2
2463,1
2465,TRIV
2467,3
2469,1
2471,TRIV
2473,1
2475,3
2477,TRIV
2479,3
2481,6
2483,TRIV
2485,3
2487,2
2489,TRIV
2491,1768
2493,3
2495,TRIV
2497,4
2499,1
2501,TRIV
2503,5
2505,2
2507,TRIV
2509,5
2511,4
2513,TRIV
2515,2
2517,1
2519,TRIV
2521,4
2523,2
2525,TRIV
2527,1
2529,3
2531,TRIV
2533,2
2535,1
2537,TRIV
2539,1
2541,2
2543,TRIV
2545,1
2547,1
2549,TRIV
2551,8
2553,1
2555,TRIV
2557,3
2559,5
2561,TRIV
2563,2
2565,6
2567,TRIV
2569,3
2571,10
2573,TRIV
2575,1
2577,2
2579,TRIV
2581,4
2583,3
2585,TRIV
2587,1
2589,1
2591,TRIV
2593,2
2595,3
2597,TRIV
2599,3
2601,2
2603,TRIV
2605,1
2607,3
2609,TRIV
2611,8
2613,1
2615,TRIV
2617,1
2619,3
2621,TRIV
2623,3
2625,3
2627,TRIV
2629,1
2631,2
2633,TRIV
2635,3
2637,6
2639,TRIV
2641,2
2643,1
2645,TRIV
2647,2
2649,3
2651,TRIV
2653,1
2655,1
2657,TRIV
2659,1
2661,2
2663,TRIV
2665,3
2667,1
2669,TRIV
2671,2
2673,1
2675,TRIV
2677,2
2679,1
2681,TRIV
2683,1
2685,1
2687,TRIV
2689,1
2691,2
2693,TRIV
2695,1
2697,2
2699,TRIV
2701,4
2703,1
2705,TRIV
2707,1
2709,1
2711,TRIV
2713,2
2715,1
2717,TRIV
2719,27
2721,12
2723,TRIV
2725,1
2727,1
2729,TRIV
2731,6
2733,2
2735,TRIV
2737,1
2739,3
2741,TRIV
2743,4
2745,1
2747,TRIV
2749,1
2751,2
2753,TRIV
2755,3
2757,7
2759,TRIV
2761,2
2763,1
2765,TRIV
2767,4
2769,3
2771,TRIV
2773,1
2775,2
2777,TRIV
2779,3
2781,2
2783,TRIV
2785,1
2787,1
2789,TRIV
2791,12
2793,1
2795,TRIV
2797,1
2799,1
2801,TRIV
2803,2
2805,4
2807,TRIV
2809,5
2811,4
2813,TRIV
2815,1
2817,2
2819,TRIV
2821,2
2823,3
2825,TRIV
2827,2
2829,1
2831,TRIV
2833,1
2835,2
2837,TRIV
2839,1
2841,2
2843,TRIV
2845,2
2847,1
2849,TRIV
2851,6
2853,1
2855,TRIV
2857,1
2859,9
2861,TRIV
2863,2
2865,4
2867,TRIV
2869,215
2871,2
2873,TRIV
2875,1
2877,9
2879,TRIV
2881,2
2883,1
2885,TRIV
2887,2
2889,3
2891,TRIV
2893,1
2895,5
2897,TRIV
2899,1
2901,2
2903,TRIV
2905,1
2907,3
2909,TRIV
2911,2
2913,1
2915,TRIV
2917,6
2919,5
2921,TRIV
2923,1
2925,4
2927,TRIV
2929,35
2931,4
2933,TRIV
2935,1
2937,2
2939,TRIV
2941,2
2943,5
2945,TRIV
2947,2
2949,1
2951,TRIV
2953,1
2955,2
2957,TRIV
2959,1
2961,4
2963,TRIV
2965,1
2967,1
2969,TRIV
2971,8
2973,3
2975,TRIV
2977,3
2979,5
2981,TRIV
2983,2
2985,2
2987,TRIV
2989,5
2991,18
2993,TRIV
2995,1
2997,1
2999,TRIV
3001,4
3003,2
3005,TRIV
3007,1
3009,11
3011,TRIV
3013,6
3015,1
3017,TRIV
3019,1
3021,2
3023,TRIV
3025,2
3027,5
3029,TRIV
3031,6
3033,1
3035,TRIV
3037,1
3039,7
3041,TRIV
3043,4
3045,1
3047,TRIV
3049,5
3051,2
3053,TRIV
3055,3
3057,1
3059,TRIV
3061,8
3063,1
3065,TRIV
3067,2
3069,5
3071,TRIV
3073,2
3075,1
3077,TRIV
3079,1
3081,6
3083,TRIV
3085,1
3087,4
3089,TRIV
3091,4
3093,2
3095,TRIV
3097,6
3099,3
3101,TRIV
3103,2
3105,1
3107,TRIV
3109,5
3111,6
3113,TRIV
3115,1
3117,1
3119,TRIV
3121,2
3123,3
3125,TRIV
3127,3
3129,5
3131,TRIV
3133,1
3135,4
3137,TRIV
3139,3
3141,6
3143,TRIV
3145,3
3147,2
3149,TRIV
3151,2
3153,2
3155,TRIV
3157,3
3159,1
3161,TRIV
3163,1
3165,1
3167,TRIV
3169,7
3171,2
3173,TRIV
3175,2
3177,1
3179,TRIV
3181,30
3183,1
3185,TRIV
3187,1
3189,3
3191,TRIV
3193,2
3195,3
3197,TRIV
3199,1
3201,2
3203,TRIV
3205,1
3207,3
3209,TRIV
3211,4
3213,1
3215,TRIV
3217,1
3219,5
3221,TRIV
3223,11
3225,1
3227,TRIV
3229,5
3231,8
3233,TRIV
3235,2
3237,2
3239,TRIV
3241,2
3243,2
3245,TRIV
3247,1
3249,1
3251,TRIV
3253,1
3255,1
3257,TRIV
3259,3
3261,4
3263,TRIV
3265,3
3267,1
3269,TRIV
3271,4
3273,4
3275,TRIV
3277,4
3279,3
3281,TRIV
3283,2
3285,2
3287,TRIV
3289,25
3291,2
3293,TRIV
3295,1
3297,1
3299,TRIV
3301,4
3303,1
3305,TRIV
3307,2
3309,1
3311,TRIV
3313,2
3315,1
3317,TRIV
3319,1
3321,6
3323,TRIV
3325,1
3327,1
3329,TRIV
3331,2
3333,5
3335,TRIV
3337,4
3339,1
3341,TRIV
3343,1
3345,2
3347,TRIV
3349,3
3351,4
3353,TRIV
3355,1
3357,1
3359,TRIV
3361,4
3363,6
3365,TRIV
3367,1
3369,1
3371,TRIV
3373,2
3375,2
3377,TRIV
3379,7
3381,4
3383,TRIV
3385,1
3387,1
3389,TRIV
3391,2
3393,3
3395,TRIV
3397,2
3399,3
3401,TRIV
3403,1
3405,3
3407,TRIV
3409,1
3411,6
3413,TRIV
3415,4
3417,2
3419,TRIV
3421,4
3423,5
3425,TRIV
3427,3
3429,1
3431,TRIV
3433,2
3435,3
3437,TRIV
3439,5
3441,2
3443,TRIV
3445,1
3447,2
3449,TRIV
3451,2
3453,1
3455,TRIV
3457,1
3459,1
3461,TRIV
3463,1
3465,1
3467,TRIV
3469,3
3471,4
3473,TRIV
3475,2
3477,3
3479,TRIV
3481,6
3483,2
3485,TRIV
3487,1
3489,5
3491,TRIV
3493,3
3495,1
3497,TRIV
3499,5
3501,2
3503,TRIV
3505,4
3507,1
3509,TRIV
3511,2
3513,1
3515,TRIV
3517,2
3519,3
3521,TRIV
3523,1
3525,1
3527,TRIV
3529,1
3531,2
3533,TRIV
3535,1
3537,1
3539,TRIV
3541,2
3543,1
3545,TRIV
3547,4
3549,3
3551,TRIV
3553,1
3555,1
3557,TRIV
3559,3
3561,10
3563,TRIV
3565,2
3567,1
3569,TRIV
3571,12
3573,3
3575,TRIV
3577,1
3579,1
3581,TRIV
3583,8
3585,6
3587,TRIV
3589,1
3591,2
3593,TRIV
3595,3
3597,2
3599,TRIV
3601,2
3603,1
3605,TRIV
3607,2
3609,1
3611,TRIV
3613,1
3615,2
3617,TRIV
3619,1
3621,2
3623,TRIV
3625,4
3627,1
3629,TRIV
3631,6
3633,1
3635,TRIV
3637,3
3639,1
3641,TRIV
3643,2
3645,3
3647,TRIV
3649,5
3651,4
3653,TRIV
3655,1
3657,2
3659,TRIV
3661,2
3663,3
3665,TRIV
3667,1
3669,1
3671,TRIV
3673,1
3675,2
3677,TRIV
3679,5
3681,2
3683,TRIV
3685,2
3687,1
3689,TRIV
3691,4
3693,1
3695,TRIV
3697,1
3699,5
3701,TRIV
3703,2
3705,1
3707,TRIV
3709,5
3711,2
3713,TRIV
3715,1
3717,2
3719,TRIV
3721,6
3723,1
3725,TRIV
3727,5
3729,1
3731,TRIV
3733,3
3735,1
3737,TRIV
3739,3
3741,72
3743,TRIV
3745,2
3747,4
3749,TRIV
3751,2
3753,2
3755,TRIV
3757,1
3759,3
3761,TRIV
3763,1
3765,1
3767,TRIV
3769,3
3771,4
3773,TRIV
3775,1
3777,2
3779,TRIV
3781,2
3783,3
3785,TRIV
3787,2
3789,1
3791,TRIV
3793,1
3795,4
3797,TRIV
3799,1
3801,4
3803,TRIV
3805,2
3807,2
3809,TRIV
3811,6
3813,3
3815,TRIV
3817,1
3819,1
3821,TRIV
3823,4
3825,3
3827,TRIV
3829,1
3831,2
3833,TRIV
3835,2
3837,2
3839,TRIV
3841,6
3843,1
3845,TRIV
3847,1
3849,1
3851,TRIV
3853,3
3855,3
3857,TRIV
3859,1
3861,2
3863,TRIV
3865,2
3867,3
3869,TRIV
3871,4
3873,1
3875,TRIV
3877,1
3879,3
3881,TRIV
3883,3
3885,1
3887,TRIV
3889,23
3891,2
3893,TRIV
3895,2
3897,4
3899,TRIV
3901,2
3903,1
3905,TRIV
3907,1
3909,5
3911,TRIV
3913,1
3915,1
3917,TRIV
3919,1
3921,4
3923,TRIV
3925,1
3927,1
3929,TRIV
3931,2
3933,5
3935,TRIV
3937,3
3939,1
3941,TRIV
3943,1
3945,4
3947,TRIV
3949,3
3951,2
3953,TRIV
3955,3
3957,3
3959,TRIV
3961,4
3963,1
3965,TRIV
3967,9
3969,5
3971,TRIV
3973,2
3975,4
3977,TRIV
3979,5
3981,12
3983,TRIV
3985,1
3987,2
3989,TRIV
3991,2
3993,3
3995,TRIV
3997,1
3999,1
4001,TRIV
4003,1
4005,2
4007,TRIV
4009,1
4011,2
4013,TRIV
4015,1
4017,1
4019,TRIV
4021,6
4023,1
4025,TRIV
4027,3
4029,3
4031,TRIV
4033,2
4035,2
4037,TRIV
4039,9
4041,2
4043,TRIV
4045,1
4047,1
4049,TRIV
4051,6
4053,1
4055,TRIV
4057,2
4059,7
4061,TRIV
4063,2
4065,3
4067,TRIV
4069,1
4071,4
4073,TRIV
4075,1
4077,2
4079,TRIV
4081,4
4083,2
4085,TRIV
4087,1
4089,1
4091,TRIV
4093,3
4095,1
4097,TRIV
4099,7
4101,4
4103,TRIV
4105,11
4107,1
4109,TRIV
4111,2
4113,2
4115,TRIV
4117,2
4119,15
4121,TRIV
4123,1
4125,1
4127,TRIV
4129,1
4131,10
4133,TRIV
4135,1
4137,2
4139,TRIV
4141,2
4143,2
4145,TRIV
4147,3
4149,1
4151,TRIV
4153,1
4155,1
4157,TRIV
4159,7
4161,2
4163,TRIV
4165,3
4167,3
4169,TRIV
4171,10
4173,1
4175,TRIV
4177,3
4179,3
4181,TRIV
4183,21
4185,2
4187,TRIV
4189,3
4191,4
4193,TRIV
4195,2
4197,1
4199,TRIV
4201,2
4203,2
4205,TRIV
4207,1
4209,3
4211,TRIV
4213,1
4215,1
4217,TRIV
4219,3
4221,6
4223,TRIV
4225,1
4227,1
4229,TRIV
4231,8
4233,3
4235,TRIV
4237,1
4239,1
4241,TRIV
4243,2
4245,2
4247,TRIV
4249,1
4251,4
4253,TRIV
4255,1
4257,1
4259,TRIV
4261,4
4263,3
4265,TRIV
4267,1
4269,1
4271,TRIV
4273,2
4275,3
4277,TRIV
4279,1
4281,2
4283,TRIV
4285,1
4287,83
4289,TRIV
4291,4
4293,1
4295,TRIV
4297,7
4299,3
4301,TRIV
4303,9
4305,4
4307,TRIV
4309,3
4311,2
4313,TRIV
4315,26
4317,10
4319,TRIV
4321,2
4323,1
4325,TRIV
4327,3
4329,191
4331,TRIV
4333,1
4335,1
4337,TRIV
4339,13
4341,2
4343,TRIV
4345,1
4347,2
4349,TRIV
4351,6
4353,1
4355,TRIV
4357,2
4359,1
4361,TRIV
4363,5
4365,4
4367,TRIV
4369,1
4371,6
4373,TRIV
4375,2
4377,3
4379,TRIV
4381,2
4383,3
4385,TRIV
4387,1
4389,5
4391,TRIV
4393,1
4395,4
4397,TRIV
4399,3
4401,4
4403,TRIV
4405,1
4407,2
4409,TRIV
4411,12
4413,5
4415,TRIV
4417,1
4419,1
4421,TRIV
4423,4
4425,2
4427,TRIV
4429,3
4431,2
4433,TRIV
4435,2
4437,1
4439,TRIV
4441,2
4443,1
4445,TRIV
4447,1
4449,3
4451,TRIV
4453,1
4455,3
4457,TRIV
4459,1
4461,8
4463,TRIV
4465,2
4467,2
4469,TRIV
4471,REM
4473,4
4475,TRIV
4477,1
4479,1
4481,TRIV
4483,3
4485,3
4487,TRIV
4489,1
4491,2
4493,TRIV
4495,4
4497,2
4499,TRIV
4501,2
4503,1
4505,TRIV
4507,2
4509,1
4511,TRIV
4513,1
4515,1
4517,TRIV
4519,1
4521,10
4523,TRIV
4525,8
4527,3
4529,TRIV
4531,2
4533,2
4535,TRIV
4537,4
4539,3
4541,TRIV
4543,1
4545,1
4547,TRIV
4549,5
4551,2
4553,TRIV
4555,7
4557,1
4559,TRIV
4561,4
4563,1
4565,TRIV
4567,2
4569,55
4571,TRIV
4573,3
4575,2
4577,TRIV
4579,1
4581,2
4583,TRIV
4585,3
4587,1
4589,TRIV
4591,32
4593,1
4595,TRIV
4597,6
4599,1
4601,TRIV
4603,6
4605,2
4607,TRIV
4609,3
4611,6
4613,TRIV
4615,3
4617,1
4619,TRIV
4621,2
4623,2
4625,TRIV
4627,2
4629,5
4631,TRIV
4633,1
4635,1
4637,TRIV
4639,1
4641,2
4643,TRIV
4645,1
4647,1
4649,TRIV
4651,6
4653,1
4655,TRIV
4657,2
4659,1
4661,TRIV
4663,2
4665,3
4667,TRIV
4669,1
4671,8
4673,TRIV
4675,1
4677,4
4679,TRIV
4681,4
4683,6
4685,TRIV
4687,1
4689,17
4691,TRIV
4693,5
4695,3
4697,TRIV
4699,1
4701,4
4703,TRIV
4705,2
4707,2
4709,TRIV
4711,4
4713,2
4715,TRIV
4717,1
4719,1
4721,TRIV
4723,3
4725,1
4727,TRIV
4729,1
4731,4
4733,TRIV
4735,2
4737,3
4739,TRIV
4741,6
4743,2
4745,TRIV
4747,1
4749,3
4751,TRIV
4753,3
4755,1
4757,TRIV
4759,5
4761,8
4763,TRIV
4765,4
4767,2
4769,TRIV
4771,2
4773,2
4775,TRIV
4777,2
4779,1
4781,TRIV
4783,1
4785,1
4787,TRIV
4789,1
4791,6
4793,TRIV
4795,1
4797,1
4799,TRIV
4801,2
4803,4
4805,TRIV
4807,3
4809,1
4811,TRIV
4813,1
4815,2
4817,TRIV
4819,5
4821,4
4823,TRIV
4825,3
4827,1
4829,TRIV
4831,4
4833,5
4835,TRIV
4837,5
4839,3
4841,TRIV
4843,4
4845,2
4847,TRIV
4849,9
4851,4
4853,TRIV
4855,2
4857,1
4859,TRIV
4861,2
4863,4
4865,TRIV
4867,1
4869,3
4871,TRIV
4873,1
4875,6
4877,TRIV
4879,3
4881,70
4883,TRIV
4885,1
4887,2
4889,TRIV
4891,4
4893,2
4895,TRIV
4897,4
4899,1
4901,TRIV
4903,2
4905,1
4907,TRIV
4909,3
4911,4
4913,TRIV
4915,1
4917,2
4919,TRIV
4921,2
4923,3
4925,TRIV
4927,1
4929,1
4931,TRIV
4933,1
4935,2
4937,TRIV
4939,1
4941,2
4943,TRIV
4945,3
4947,1
4949,TRIV
4951,2
4953,1
4955,TRIV
4957,2
4959,3
4961,TRIV
4963,1
4965,1
4967,TRIV
4969,1
4971,2
4973,TRIV
4975,3
4977,2
4979,TRIV
4981,4
4983,1
4985,TRIV
4987,2
4989,1
4991,TRIV
4993,2
4995,1
4997,TRIV
4999,1
5001,8
5003,TRIV
5005,1
5007,1
5009,TRIV
5011,16
5013,3
5015,TRIV
5017,1
5019,1
5021,TRIV
5023,2
5025,4
5027,TRIV
5029,5
5031,6
5033,TRIV
5035,1
5037,3
5039,TRIV
5041,4
5043,2
5045,TRIV
5047,1
5049,3
5051,TRIV
5053,4
5055,1
5057,TRIV
5059,9
5061,2
5063,TRIV
5065,2
5067,4
5069,TRIV
5071,2
5073,1
5075,TRIV
5077,1
5079,11
5081,TRIV
5083,1
5085,2
5087,TRIV
5089,3
5091,2
5093,TRIV
5095,1
5097,1
5099,TRIV
5101,2880
5103,1
5105,TRIV
5107,3
5109,1
5111,TRIV
5113,6
5115,1
5117,TRIV
5119,5
5121,8
5123,TRIV
5125,3
5127,5
5129,TRIV
5131,2
5133,3
5135,TRIV
5137,2
5139,5
5141,TRIV
5143,1
5145,3
5147,TRIV
5149,1
5151,2
5153,TRIV
5155,2
5157,4
5159,TRIV
5161,4
5163,1
5165,TRIV
5167,1
5169,3
5171,TRIV
5173,2
5175,1
5177,TRIV
5179,5
5181,2
5183,TRIV
5185,1
5187,4
5189,TRIV
5191,48
5193,1
5195,TRIV
5197,3
5199,25
5201,TRIV
5203,7
5205,1
5207,TRIV
5209,3
5211,2
5213,TRIV
5215,2
5217,2
5219,TRIV
5221,2
5223,1
5225,TRIV
5227,1
5229,1
5231,TRIV
5233,1
5235,14
5237,TRIV
5239,3
5241,6
5243,TRIV
5245,2
5247,4
5249,TRIV
5251,4
5253,5
5255,TRIV
5257,1
5259,3
5261,TRIV
5263,2
5265,2
5267,TRIV
5269,1
5271,4
5273,TRIV
5275,1
5277,1
5279,TRIV
5281,2
5283,3
5285,TRIV
5287,2
5289,7
5291,TRIV
5293,1
5295,6
5297,TRIV
5299,1
5301,4
5303,TRIV
5305,1
5307,2
5309,TRIV
5311,12
5313,4
5315,TRIV
5317,2
5319,1
5321,TRIV
5323,3
5325,4
5327,TRIV
5329,1
5331,2
5333,TRIV
5335,2
5337,5
5339,TRIV
5341,6
5343,1
5345,TRIV
5347,1
5349,3
5351,TRIV
5353,3
5355,3
5357,TRIV
5359,85
5361,16
5363,TRIV
5365,2
5367,3
5369,TRIV
5371,2
5373,3
5375,TRIV
5377,1
5379,3
5381,TRIV
5383,1
5385,3
5387,TRIV
5389,1
5391,2
5393,TRIV
5395,1
5397,2
5399,TRIV
5401,2
5403,1
5405,TRIV
5407,3
5409,1
5411,TRIV
5413,1
5415,1
5417,TRIV
5419,3
5421,2
5423,TRIV
5425,2
5427,1
5429,TRIV
5431,10
5433,1
5435,TRIV
5437,1
5439,1
5441,TRIV
5443,3
5445,1
5447,TRIV
5449,5
5451,6
5453,TRIV
5455,2
5457,3
5459,TRIV
5461,2
5463,2
5465,TRIV
5467,1
5469,9
5471,TRIV
5473,1
5475,1
5477,TRIV
5479,1
5481,4
5483,TRIV
5485,2
5487,2
5489,TRIV
5491,2
5493,3
5495,TRIV
5497,1
5499,1
5501,TRIV
5503,1
5505,2
5507,TRIV
5509,3
5511,2
5513,TRIV
5515,1
5517,1
5519,TRIV
5521,12
5523,1
5525,TRIV
5527,1
5529,5
5531,TRIV
5533,6
5535,4
5537,TRIV
5539,5
5541,2
5543,TRIV
5545,4
5547,2
5549,TRIV
5551,4
5553,1
5555,TRIV
5557,2
5559,1
5561,TRIV
5563,13
5565,1
5567,TRIV
5569,1
5571,4
5573,TRIV
5575,2
5577,1
5579,TRIV
5581,6
5583,3
5585,TRIV
5587,1
5589,3
5591,TRIV
5593,3
5595,3
5597,TRIV
5599,11
5601,4
5603,TRIV
5605,3
5607,2
5609,TRIV
5611,4
5613,4
5615,TRIV
5617,8
5619,1
5621,TRIV
5623,2
5625,2
5627,TRIV
5629,3
5631,2
5633,TRIV
5635,1
5637,1
5639,TRIV
5641,2
5643,1
5645,TRIV
5647,1
5649,1
5651,TRIV
5653,1
5655,1
5657,TRIV
5659,9
5661,42
5663,TRIV
5665,1
5667,2
5669,TRIV
5671,4
5673,2
5675,TRIV
5677,2
5679,1
5681,TRIV
5683,4
5685,1
5687,TRIV
5689,1
5691,6
5693,TRIV
5695,2
5697,1
5699,TRIV
5701,2
5703,34
5705,TRIV
5707,1
5709,5
5711,TRIV
5713,1
5715,3
5717,TRIV
5719,3
5721,2
5723,TRIV
5725,2
5727,2
5729,TRIV
5731,4
5733,1
5735,TRIV
5737,1
5739,1
5741,TRIV
5743,3
5745,1
5747,TRIV
5749,3
5751,4
5753,TRIV
5755,4
5757,3
5759,TRIV
5761,6
5763,2
5765,TRIV
5767,2
5769,5
5771,TRIV
5773,4
5775,1
5777,TRIV
5779,1
5781,4
5783,TRIV
5785,2
5787,1
5789,TRIV
5791,2
5793,3
5795,TRIV
5797,1
5799,5
5801,TRIV
5803,1
5805,2
5807,TRIV
5809,1
5811,2
5813,TRIV
5815,3
5817,1
5819,TRIV
5821,16
5823,1
5825,TRIV
5827,2
5829,21
5831,TRIV
5833,2
5835,1
5837,TRIV
5839,1
5841,2
5843,TRIV
5845,1
5847,1
5849,TRIV
5851,2
5853,1
5855,TRIV
5857,1
5859,3
5861,TRIV
5863,1
5865,1
5867,TRIV
5869,9
5871,6
5873,TRIV
5875,1
5877,1
5879,TRIV
5881,2
5883,5
5885,TRIV
5887,2
5889,3
5891,TRIV
5893,1
5895,4
5897,TRIV
5899,1
5901,8
5903,TRIV
5905,9
5907,2
5909,TRIV
5911,2
5913,6
5915,TRIV
5917,3
5919,1
5921,TRIV
5923,1
5925,5
5927,TRIV
5929,11
5931,12
5933,TRIV
5935,1
5937,2
5939,TRIV
5941,4
5943,3
5945,TRIV
5947,3
5949,1
5951,TRIV
5953,5
5955,4
5957,TRIV
5959,5
5961,4
5963,TRIV
5965,2
5967,5
5969,TRIV
5971,2
5973,3
5975,TRIV
5977,1
5979,3
5981,TRIV
5983,1
5985,7
5987,TRIV
5989,3
5991,2
5993,TRIV
5995,2
5997,6
5999,TRIV
6001,4
6003,1
6005,TRIV
6007,1
6009,3
6011,TRIV
6013,2
6015,3
6017,TRIV
6019,5
6021,2
6023,TRIV
6025,1
6027,2
6029,TRIV
6031,2
6033,1
6035,TRIV
6037,2
6039,1
6041,TRIV
6043,1
6045,4
6047,TRIV
6049,1
6051,2
6053,TRIV
6055,4
6057,2
6059,TRIV
6061,4
6063,1
6065,TRIV
6067,3
6069,1
6071,TRIV
6073,2
6075,1
6077,TRIV
6079,3
6081,4
6083,TRIV
6085,1
6087,1
6089,TRIV
6091,10
6093,9
6095,TRIV
6097,1
6099,3
6101,TRIV
6103,4
6105,2
6107,TRIV
6109,1
6111,4
6113,TRIV
6115,2
6117,1
6119,TRIV
6121,12
6123,4
6125,TRIV
6127,1
6129,1
6131,TRIV
6133,3
6135,2
6137,TRIV
6139,1
6141,4
6143,TRIV
6145,10
6147,1
6149,TRIV
6151,6
6153,3
6155,TRIV
6157,2
6159,1
6161,TRIV
6163,5
6165,3
6167,TRIV
6169,1
6171,4
6173,TRIV
6175,6
6177,6
6179,TRIV
6181,2
6183,2
6185,TRIV
6187,2
6189,5
6191,TRIV
6193,1
6195,1
6197,TRIV
6199,1
6201,2
6203,TRIV
6205,2
6207,1
6209,TRIV
6211,12
6213,1
6215,TRIV
6217,1
6219,5
6221,TRIV
6223,3
6225,1
6227,TRIV
6229,5
6231,2
6233,TRIV
6235,3
6237,3
6239,TRIV
6241,2
6243,1
6245,TRIV
6247,2
6249,27
6251,TRIV
6253,1
6255,2
6257,TRIV
6259,1
6261,2
6263,TRIV
6265,1
6267,1
6269,TRIV
6271,2
6273,1
6275,TRIV
6277,10
6279,3
6281,TRIV
6283,1
6285,2
6287,TRIV
6289,3
6291,4
6293,TRIV
6295,1
6297,1
6299,TRIV
6301,2
6303,3
6305,TRIV
6307,1
6309,3
6311,TRIV
6313,1
6315,3
6317,TRIV
6319,1
6321,2
6323,TRIV
6325,1
6327,2
6329,TRIV
6331,6
6333,1
6335,TRIV
6337,2
6339,1
6341,TRIV
6343,2
6345,2
6347,TRIV
6349,1
6351,2
6353,TRIV
6355,1
6357,1
6359,TRIV
6361,6
6363,1
6365,TRIV
6367,6
6369,1
6371,TRIV
6373,2
6375,1
6377,TRIV
6379,669
6381,2
6383,TRIV
6385,1
6387,3
6389,TRIV
6391,6
6393,1
6395,TRIV
6397,4
6399,7
6401,TRIV
6403,4
6405,2
6407,TRIV
6409,3
6411,2
6413,TRIV
6415,14
6417,1
6419,TRIV
6421,16
6423,1
6425,TRIV
6427,3
6429,9
6431,TRIV
6433,2
6435,2
6437,TRIV
6439,19
6441,10
6443,TRIV
6445,1
6447,1
6449,TRIV
6451,8
6453,2
6455,TRIV
6457,2
6459,21
6461,TRIV
6463,4
6465,1
6467,TRIV
6469,1
6471,6
6473,TRIV
6475,2
6477,1
6479,TRIV
6481,4
6483,3
6485,TRIV
6487,1
6489,3
6491,TRIV
6493,5
6495,8
6497,TRIV
6499,3
6501,6
6503,TRIV
6505,2
6507,3
6509,TRIV
6511,6
6513,2
6515,TRIV
6517,1
6519,15
6521,TRIV
6523,4
6525,1
6527,TRIV
6529,13
6531,2
6533,TRIV
6535,2
6537,2
6539,TRIV
6541,8
6543,1
6545,TRIV
6547,1
6549,1
6551,TRIV
6553,2
6555,2
6557,TRIV
6559,1
6561,2
6563,TRIV
6565,1
6567,1
6569,TRIV
6571,4
6573,1
6575,TRIV
6577,1
6579,5
6581,TRIV
6583,2
6585,4
6587,TRIV
6589,3
6591,2
6593,TRIV
6595,1
6597,3
6599,TRIV
6601,4
6603,1
6605,TRIV
6607,4
6609,3
6611,TRIV
6613,4
6615,1
6617,TRIV
6619,5
6621,2
6623,TRIV
6625,3
6627,3
6629,TRIV
6631,8
6633,1
6635,TRIV
6637,2
6639,3
6641,TRIV
6643,2
6645,2
6647,TRIV
6649,1
6651,4
6653,TRIV
6655,1
6657,1
6659,TRIV
6661,4
6663,2
6665,TRIV
6667,5
6669,1
6671,TRIV
6673,2
6675,1
6677,TRIV
6679,5
6681,14
6683,TRIV
6685,1
6687,1
6689,TRIV
6691,4
6693,2
6695,TRIV
6697,1
6699,1
6701,TRIV
6703,2
6705,1
6707,TRIV
6709,11
6711,4
6713,TRIV
6715,1
6717,2
6719,TRIV
6721,2
6723,14
6725,TRIV
6727,3
6729,1
6731,TRIV
6733,1
6735,4
6737,TRIV
6739,3
6741,4
6743,TRIV
6745,2
6747,2
6749,TRIV
6751,6
6753,9
6755,TRIV
6757,1
6759,1
6761,TRIV
6763,2
6765,2
6767,TRIV
6769,3
6771,4
6773,TRIV
6775,1
6777,1
6779,TRIV
6781,16
6783,4
6785,TRIV
6787,1
6789,1
6791,TRIV
6793,3
6795,6
6797,TRIV
6799,1
6801,4
6803,TRIV
6805,3
6807,2
6809,TRIV
6811,2
6813,2
6815,TRIV
6817,2
6819,1
6821,TRIV
6823,1
6825,1
6827,TRIV
6829,1
6831,8
6833,TRIV
6835,3
6837,1
6839,TRIV
6841,2
6843,3
6845,TRIV
6847,2
6849,5
6851,TRIV
6853,1
6855,2
6857,TRIV
6859,1
6861,6
6863,TRIV
6865,1
6867,1
6869,TRIV
6871,4
6873,4
6875,TRIV
6877,5
6879,1
6881,TRIV
6883,2
6885,3
6887,TRIV
6889,13
6891,2
6893,TRIV
6895,1
6897,3
6899,TRIV
6901,2
6903,1
6905,TRIV
6907,1
6909,5
6911,TRIV
6913,1
6915,64
6917,TRIV
6919,3
6921,4
6923,TRIV
6925,5
6927,3
6929,TRIV
6931,2
6933,2
6935,TRIV
6937,3
6939,5
6941,TRIV
6943,1
6945,1
6947,TRIV
6949,3
6951,2
6953,TRIV
6955,1
6957,1
6959,TRIV
6961,2
6963,1
6965,TRIV
6967,1
6969,5
6971,TRIV
6973,1
6975,2
6977,TRIV
6979,1
6981,2
6983,TRIV
6985,2
6987,1
6989,TRIV
6991,4
6993,1
6995,TRIV
6997,1
6999,11
7001,TRIV
7003,2
7005,3
7007,TRIV
7009,1
7011,2
7013,TRIV
7015,1
7017,6
7019,TRIV
7021,6
7023,1
7025,TRIV
7027,2
7029,5
7031,TRIV
7033,7
7035,1
7037,TRIV
7039,1
7041,2
7043,TRIV
7045,3
7047,7
7049,TRIV
7051,4
7053,1
7055,TRIV
7057,3
7059,33
7061,TRIV
7063,2
7065,1
7067,TRIV
7069,5
7071,14
7073,TRIV
7075,1
7077,4
7079,TRIV
7081,6
7083,53
7085,TRIV
7087,2
7089,7
7091,TRIV
7093,2
7095,3
7097,TRIV
7099,1
7101,6
7103,TRIV
7105,1
7107,8
7109,TRIV
7111,2
7113,2
7115,TRIV
7117,1
7119,19
7121,TRIV
7123,1
7125,1
7127,TRIV
7129,3
7131,18
7133,TRIV
7135,2
7137,4
7139,TRIV
7141,12
7143,2
7145,TRIV
7147,1
7149,3
7151,TRIV
7153,7
7155,1
7157,TRIV
7159,45
7161,2
7163,TRIV
7165,3
7167,5
7169,TRIV
7171,2
7173,1
7175,TRIV
7177,2
7179,3
7181,TRIV
7183,1
7185,5
7187,TRIV
7189,1
7191,2
7193,TRIV
7195,2
7197,2
7199,TRIV
7201,4
7203,1
7205,TRIV
7207,1
7209,1
7211,TRIV
7213,2
7215,1
7217,TRIV
7219,3
7221,2
7223,TRIV
7225,1
7227,2
7229,TRIV
7231,2
7233,1
7235,TRIV
7237,2
7239,1
7241,TRIV
7243,1
7245,3
7247,TRIV
7249,1
7251,4
7253,TRIV
7255,6
7257,3
7259,TRIV
7261,4
7263,5
7265,TRIV
7267,2
7269,3
7271,TRIV
7273,4
7275,9
7277,TRIV
7279,1
7281,2
7283,TRIV
7285,3
7287,3
7289,TRIV
7291,2
7293,1
7295,TRIV
7297,6
7299,31
7301,TRIV
7303,1
7305,1
7307,TRIV
7309,13
7311,12
7313,TRIV
7315,2
7317,1
7319,TRIV
7321,4
7323,8
7325,TRIV
7327,1
7329,1
7331,TRIV
7333,2
7335,2
7337,TRIV
7339,5
7341,6
7343,TRIV
7345,1
7347,1
7349,TRIV
7351,4
7353,2
7355,TRIV
7357,7
7359,7
7361,TRIV
7363,5
7365,1
7367,TRIV
7369,3
7371,6
7373,TRIV
7375,6
7377,2
7379,TRIV
7381,18
7383,4
7385,TRIV
7387,3
7389,1
7391,TRIV
7393,3
7395,2
7397,TRIV
7399,5
7401,2
7403,TRIV
7405,5
7407,1
7409,TRIV
7411,46
7413,1
7415,TRIV
7417,2
7419,5
7421,TRIV
7423,3
7425,3
7427,TRIV
7429,1
7431,4
7433,TRIV
7435,2
7437,5
7439,TRIV
7441,2
7443,2
7445,TRIV
7447,1
7449,7
7451,TRIV
7453,1
7455,1
7457,TRIV
7459,3
7461,2
7463,TRIV
7465,2
7467,4
7469,TRIV
7471,2
7473,1
7475,TRIV
7477,1
7479,9
7481,TRIV
7483,1
7485,1
7487,TRIV
7489,5
7491,2
7493,TRIV
7495,1
7497,3
7499,TRIV
7501,2
7503,1
7505,TRIV
7507,2
7509,3
7511,TRIV
7513,1
7515,5
7517,TRIV
7519,1
7521,2
7523,TRIV
7525,1
7527,3
7529,TRIV
7531,2
7533,1
7535,TRIV
7537,1
7539,3
7541,TRIV
7543,1
7545,1
7547,TRIV
7549,5
7551,12
7553,TRIV
7555,1
7557,1
7559,TRIV
7561,2
7563,21
7565,TRIV
7567,2
7569,1
7571,TRIV
7573,1
7575,2
7577,TRIV
7579,1
7581,6
7583,TRIV
7585,1
7587,1
7589,TRIV
7591,2
7593,6
7595,TRIV
7597,4
7599,1
7601,TRIV
7603,1
7605,2
7607,TRIV
7609,3
7611,4
7613,TRIV
7615,13
7617,1
7619,TRIV
7621,4
7623,2
7625,TRIV
7627,2
7629,11
7631,TRIV
7633,2
7635,1
7637,TRIV
7639,1
7641,10
7643,TRIV
7645,1
7647,6
7649,TRIV
7651,4
7653,2
7655,TRIV
7657,2
7659,3
7661,TRIV
7663,3
7665,1
7667,TRIV
7669,1
7671,2
7673,TRIV
7675,2
7677,1
7679,TRIV
7681,4
7683,1
7685,TRIV
7687,1
7689,3
7691,TRIV
7693,3
7695,1
7697,TRIV
7699,1
7701,2
7703,TRIV
7705,6
7707,2
7709,TRIV
7711,2
7713,1
7715,TRIV
7717,5
7719,1
7721,TRIV
7723,1
7725,2
7727,TRIV
7729,3
7731,6
7733,TRIV
7735,6
7737,1
7739,TRIV
7741,2
7743,2
7745,TRIV
7747,9
7749,1
7751,TRIV
7753,1
7755,1
7757,TRIV
7759,3
7761,4
7763,TRIV
7765,3
7767,6
7769,TRIV
7771,6
7773,2
7775,TRIV
7777,2
7779,5
7781,TRIV
7783,4
7785,1
7787,TRIV
7789,1
7791,6
7793,TRIV
7795,5
7797,4
7799,TRIV
7801,2
7803,3
7805,TRIV
7807,2
7809,3
7811,TRIV
7813,1
7815,3
7817,TRIV
7819,1
7821,16
7823,TRIV
7825,1
7827,6
7829,TRIV
7831,4
7833,4
7835,TRIV
7837,1
7839,5
7841,TRIV
7843,3
7845,4
7847,TRIV
7849,1
7851,2
7853,TRIV
7855,3
7857,2
7859,TRIV
7861,2
7863,1
7865,TRIV
7867,2
7869,1
7871,TRIV
7873,1
7875,1
7877,TRIV
7879,1
7881,8
7883,TRIV
7885,2
7887,3
7889,TRIV
7891,2
7893,9
7895,TRIV
7897,1
7899,3
7901,TRIV
7903,1
7905,4
7907,TRIV
7909,5
7911,2
7913,TRIV
7915,1
7917,2
7919,TRIV
7921,2
7923,1
7925,TRIV
7927,5
7929,1
7931,TRIV
7933,1
7935,2
7937,TRIV
7939,5
7941,6
7943,TRIV
7945,1
7947,1
7949,TRIV
7951,38
7953,3
7955,TRIV
7957,36
7959,1
7961,TRIV
7963,4
7965,4
7967,TRIV
7969,11
7971,54
7973,TRIV
7975,3
7977,2
7979,TRIV
7981,4
7983,5
7985,TRIV
7987,4
7989,1
7991,TRIV
7993,2
7995,2
7997,TRIV
7999,9
8001,2
8003,TRIV
8005,1
8007,1
8009,TRIV
8011,6
8013,1
8015,TRIV
8017,3
8019,5
8021,TRIV
8023,2
8025,3
8027,TRIV
8029,3
8031,4
8033,TRIV
8035,1
8037,2
8039,TRIV
8041,4
8043,2
8045,TRIV
8047,3
8049,1
8051,TRIV
8053,2
8055,1
8057,TRIV
8059,3
8061,4
8063,TRIV
8065,1
8067,5
8069,TRIV
8071,2
8073,2
8075,TRIV
8077,1
8079,5
8081,TRIV
8083,1
8085,1
8087,TRIV
8089,1
8091,10
8093,TRIV
8095,2
8097,1
8099,TRIV
8101,2
8103,3
8105,TRIV
8107,1
8109,5
8111,TRIV
8113,1
8115,3
8117,TRIV
8119,1
8121,4
8123,TRIV
8125,7
8127,3
8129,TRIV
8131,2
8133,4
8135,TRIV
8137,5
8139,REM
8141,TRIV
8143,1
8145,2
8147,TRIV
8149,5
8151,2
8153,TRIV
8155,2
8157,1
8159,TRIV
8161,28
8163,1
8165,TRIV
8167,1
8169,3
8171,TRIV
8173,3
8175,1
8177,TRIV
8179,3
8181,6
8183,TRIV
8185,5
8187,1
8189,TRIV
8191,4
8193,2
8195,TRIV
8197,5
8199,3
8201,TRIV
8203,2
8205,1
8207,TRIV
8209,3
8211,4
8213,TRIV
8215,1
8217,1
8219,TRIV
8221,2
8223,3
8225,TRIV
8227,1
8229,1
8231,TRIV
8233,1
8235,8
8237,TRIV
8239,1
8241,14
8243,TRIV
8245,4
8247,2
8249,TRIV
8251,6
8253,2
8255,TRIV
8257,2
8259,1
8261,TRIV
8263,9
8265,1
8267,TRIV
8269,1
8271,2
8273,TRIV
8275,2
8277,2
8279,TRIV
8281,2
8283,1
8285,TRIV
8287,1
8289,1
8291,TRIV
8293,1
8295,2
8297,TRIV
8299,3
8301,2
8303,TRIV
8305,3
8307,1
8309,TRIV
8311,8
8313,1
8315,TRIV
8317,4
8319,5
8321,TRIV
8323,3
8325,1
8327,TRIV
8329,11
8331,8
8333,TRIV
8335,10
8337,2
8339,TRIV
8341,4
8343,4
8345,TRIV
8347,2
8349,1
8351,TRIV
8353,2
8355,3
8357,TRIV
8359,1
8361,2
8363,TRIV
8365,1
8367,3
8369,TRIV
8371,2
8373,1
8375,TRIV
8377,6
8379,3
8381,TRIV
8383,1
8385,1
8387,TRIV
8389,5
8391,4
8393,TRIV
8395,5
8397,3
8399,TRIV
8401,6
8403,2
8405,TRIV
8407,2
8409,5
8411,TRIV
8413,2
8415,1
8417,TRIV
8419,1
8421,4
8423,TRIV
8425,1
8427,1
8429,TRIV
8431,2
8433,4
8435,TRIV
8437,3
8439,1
8441,TRIV
8443,1
8445,2
8447,TRIV
8449,3
8451,2
8453,TRIV
8455,5
8457,1
8459,TRIV
8461,10
8463,1
8465,TRIV
8467,5
8469,11
8471,TRIV
8473,3
8475,3
8477,TRIV
8479,3
8481,4
8483,TRIV
8485,2
8487,5
8489,TRIV
8491,4
8493,6
8495,TRIV
8497,1
8499,3
8501,TRIV
8503,82
8505,2
8507,TRIV
8509,1
8511,2
8513,TRIV
8515,5
8517,1
8519,TRIV
8521,2
8523,1
8525,TRIV
8527,2
8529,3701
8531,TRIV
8533,1
8535,1
8537,TRIV
8539,1
8541,6
8543,TRIV
8545,3
8547,2
8549,TRIV
8551,4
8553,10
8555,TRIV
8557,2
8559,1
8561,TRIV
8563,3
8565,2
8567,TRIV
8569,1
8571,20
8573,TRIV
8575,4
8577,1
8579,TRIV
8581,2
8583,2
8585,TRIV
8587,7
8589,5
8591,TRIV
8593,1
8595,1
8597,TRIV
8599,3
8601,6
8603,TRIV
8605,1
8607,2
8609,TRIV
8611,2
8613,2
8615,TRIV
8617,3
8619,1
8621,TRIV
8623,1
8625,1
8627,TRIV
8629,3
8631,2
8633,TRIV
8635,3
8637,1
8639,TRIV
8641,8
8643,1
8645,TRIV
8647,2
8649,3
8651,TRIV
8653,2
8655,3
8657,TRIV
8659,1
8661,2
8663,TRIV
8665,1
8667,3
8669,TRIV
8671,40
8673,1
8675,TRIV
8677,1
8679,13
8681,TRIV
8683,2
8685,1
8687,TRIV
8689,1
8691,2
8693,TRIV
8695,1
8697,2
8699,TRIV
8701,44
8703,1
8705,TRIV
8707,4
8709,1
8711,TRIV
8713,4
8715,1
8717,TRIV
8719,3
8721,2
8723,TRIV
8725,2
8727,1
8729,TRIV
8731,2
8733,1
8735,TRIV
8737,1
8739,3
8741,TRIV
8743,1
8745,2
8747,TRIV
8749,1
8751,4
8753,TRIV
8755,3
8757,1
8759,TRIV
8761,8
8763,2
8765,TRIV
8767,2
8769,7
8771,TRIV
8773,3
8775,1
8777,TRIV
8779,1
8781,8
8783,TRIV
8785,3
8787,2
8789,TRIV
8791,2
8793,4
8795,TRIV
8797,3
8799,1
8801,TRIV
8803,1
8805,2
8807,TRIV
8809,5
8811,4
8813,TRIV
8815,1
8817,1
8819,TRIV
8821,2
8823,2
8825,TRIV
8827,1
8829,3
8831,TRIV
8833,1
8835,1
8837,TRIV
8839,355
8841,8
8843,TRIV
8845,1
8847,2
8849,TRIV
8851,2
8853,4
8855,TRIV
8857,1
8859,1
8861,TRIV
8863,1
8865,3
8867,TRIV
8869,3
8871,2
8873,TRIV
8875,8
8877,2
8879,TRIV
8881,4
8883,1
8885,TRIV
8887,3
8889,1
8891,TRIV
8893,14
8895,4
8897,TRIV
8899,3
8901,4
8903,TRIV
8905,3
8907,2
8909,TRIV
8911,6
8913,2
8915,TRIV
8917,2
8919,1
8921,TRIV
8923,7
8925,1
8927,TRIV
8929,1
8931,4
8933,TRIV
8935,2
8937,1
8939,TRIV
8941,6
8943,3
8945,TRIV
8947,1
8949,3
8951,TRIV
8953,2
8955,2
8957,TRIV
8959,1
8961,314
8963,TRIV
8965,1
8967,1
8969,TRIV
8971,4
8973,7
8975,TRIV
8977,3
8979,3
8981,TRIV
8983,2
8985,2
8987,TRIV
8989,7
8991,2
8993,TRIV
8995,1
8997,1
8999,TRIV
9001,4
9003,1
9005,TRIV
9007,1
9009,1
9011,TRIV
9013,2
9015,5
9017,TRIV
9019,9
9021,4
9023,TRIV
9025,1
9027,2
9029,TRIV
9031,6
9033,2
9035,TRIV
9037,1
9039,1
9041,TRIV
9043,2
9045,1
9047,TRIV
9049,37
9051,2
9053,TRIV
9055,1
9057,10
9059,TRIV
9061,8
9063,1
9065,TRIV
9067,4
9069,3
9071,TRIV
9073,3
9075,2
9077,TRIV
9079,5
9081,4
9083,TRIV
9085,4
9087,1
9089,TRIV
9091,6
9093,2
9095,TRIV
9097,3
9099,1
9101,TRIV
9103,24
9105,1
9107,TRIV
9109,3
9111,2
9113,TRIV
9115,4
9117,2
9119,TRIV
9121,2
9123,1
9125,TRIV
9127,5
9129,1
9131,TRIV
9133,1
9135,2
9137,TRIV
9139,3
9141,2
9143,TRIV
9145,2
9147,1
9149,TRIV
9151,8
9153,1
9155,TRIV
9157,1
9159,15
9161,TRIV
9163,3
9165,2
9167,TRIV
9169,1
9171,2
9173,TRIV
9175,3
9177,1
9179,TRIV
9181,4
9183,1
9185,TRIV
9187,2
9189,9
9191,TRIV
9193,2
9195,1
9197,TRIV
9199,1
9201,6
9203,TRIV
9205,1
9207,4
9209,TRIV
9211,2
9213,3
9215,TRIV
9217,1
9219,3
9221,TRIV
9223,1
9225,2
9227,TRIV
9229,3
9231,6
9233,TRIV
9235,1
9237,1
9239,TRIV
9241,2
9243,5
9245,TRIV
9247,3
9249,5
9251,TRIV
9253,1
9255,3
9257,TRIV
9259,3
9261,2
9263,TRIV
9265,2
9267,2
9269,TRIV
9271,6
9273,1
9275,TRIV
9277,1
9279,1
9281,TRIV
9283,4
9285,3
9287,TRIV
9289,1
9291,4
9293,TRIV
9295,2
9297,5
9299,TRIV
9301,6
9303,2
9305,TRIV
9307,1
9309,5
9311,TRIV
9313,3
9315,1
9317,TRIV
9319,1
9321,2
9323,TRIV
9325,2
9327,2
9329,TRIV
9331,4
9333,1
9335,TRIV
9337,1
9339,1
9341,TRIV
9343,10
9345,1
9347,TRIV
9349,3
9351,8
9353,TRIV
9355,2
9357,3
9359,TRIV
9361,2
9363,4
9365,TRIV
9367,1
9369,3
9371,TRIV
9373,1
9375,2
9377,TRIV
9379,7
9381,2
9383,TRIV
9385,15
9387,1
9389,TRIV
9391,6
9393,1
9395,TRIV
9397,2
9399,1
9401,TRIV
9403,2
9405,2
9407,TRIV
9409,1
9411,68
9413,TRIV
9415,1
9417,1
9419,TRIV
9421,2
9423,2
9425,TRIV
9427,1
9429,1
9431,TRIV
9433,1
9435,1
9437,TRIV
9439,5
9441,4
9443,TRIV
9445,2
9447,2
9449,TRIV
9451,2
9453,5
9455,TRIV
9457,1
9459,1
9461,TRIV
9463,1
9465,4
9467,TRIV
9469,1
9471,6
9473,TRIV
9475,1
9477,4
9479,TRIV
9481,2
9483,3
9485,TRIV
9487,1
9489,5
9491,TRIV
9493,1
9495,2
9497,TRIV
9499,35
9501,6
9503,TRIV
9505,2
9507,1
9509,TRIV
9511,4
9513,4
9515,TRIV
9517,1
9519,7
9521,TRIV
9523,2
9525,4
9527,TRIV
9529,1
9531,2
9533,TRIV
9535,1
9537,3
9539,TRIV
9541,10
9543,1
9545,TRIV
9547,1
9549,3
9551,TRIV
9553,6
9555,3
9557,TRIV
9559,3
9561,4
9563,TRIV
9565,3
9567,3
9569,TRIV
9571,2
9573,4
9575,TRIV
9577,4
9579,3
9581,TRIV
9583,1
9585,2
9587,TRIV
9589,5
9591,6
9593,TRIV
9595,4
9597,1
9599,TRIV
9601,4
9603,2
9605,TRIV
9607,2
9609,1
9611,TRIV
9613,2
9615,1
9617,TRIV
9619,1
9621,14
9623,TRIV
9625,1
9627,1
9629,TRIV
9631,4
9633,2
9635,TRIV
9637,7
9639,1
9641,TRIV
9643,5
9645,1
9647,TRIV
9649,21
9651,4
9653,TRIV
9655,3
9657,1
9659,TRIV
9661,2
9663,2
9665,TRIV
9667,4
9669,3
9671,TRIV
9673,1
9675,1
9677,TRIV
9679,3
9681,2
9683,TRIV
9685,1
9687,5
9689,TRIV
9691,8
9693,1
9695,TRIV
9697,9
9699,5
9701,TRIV
9703,2
9705,2
9707,TRIV
9709,5
9711,4
9713,TRIV
9715,1
9717,1
9719,TRIV
9721,22
9723,2
9725,TRIV
9727,2
9729,1
9731,TRIV
9733,2
9735,1
9737,TRIV
9739,1
9741,8
9743,TRIV
9745,1
9747,3
9749,TRIV
9751,2
9753,2
9755,TRIV
9757,5
9759,9
9761,TRIV
9763,1
9765,1
9767,TRIV
9769,3
9771,2
9773,TRIV
9775,2
9777,1
9779,TRIV
9781,4
9783,1
9785,TRIV
9787,1
9789,53
9791,TRIV
9793,3
9795,2
9797,TRIV
9799,1
9801,2
9803,TRIV
9805,4
9807,1
9809,TRIV
9811,4
9813,1
9815,TRIV
9817,2
9819,3
9821,TRIV
9823,2
9825,1
9827,TRIV
9829,1
9831,8
9833,TRIV
9835,1
9837,3
9839,TRIV
9841,2
9843,2
9845,TRIV
9847,1
9849,19
9851,TRIV
9853,1
9855,1
9857,TRIV
9859,3
9861,12
9863,TRIV
9865,3
9867,1
9869,TRIV
9871,2
9873,18
9875,TRIV
9877,3
9879,1
9881,TRIV
9883,1
9885,2
9887,TRIV
9889,15
9891,2
9893,TRIV
9895,4
9897,1
9899,TRIV
9901,6
9903,1
9905,TRIV
9907,2
9909,3
9911,TRIV
9913,2
9915,2
9917,TRIV
9919,1
9921,4
9923,TRIV
9925,1
9927,1
9929,TRIV
9931,10
9933,2
9935,TRIV
9937,1
9939,11
9941,TRIV
9943,3
9945,1
9947,TRIV
9949,5
9951,2
9953,TRIV
9955,4
9957,2
9959,TRIV
9961,6
9963,1
9965,TRIV
9967,4
9969,1
9971,TRIV
9973,3
9975,3
9977,TRIV
9979,5
9981,64
9983,TRIV
9985,6
9987,4
9989,TRIV
9991,2
9993,2
9995,TRIV
9997,3
9999,15